-1.053696627322002755e+00 -3.027374832527197079e-01 3.495560213923454285e-02 1.000000000000000000e+00
-9.928517087908872440e-01 -3.290539333160734659e-01 3.599393367767333984e-02 1.000000000000000000e+00
-8.995062174081114303e-01 -4.256008150180397021e-01 3.447572514414787292e-02 1.000000000000000000e+00
-7.809856020829448742e-01 -4.707981365203187663e-01 3.222316876053810120e-02 1.000000000000000000e+00
-6.650223626950101385e-01 -4.990577459608430133e-01 3.210050612688064575e-02 1.000000000000000000e+00
-5.718913724293744894e-01 -5.473417920125825953e-01 3.221661224961280823e-02 1.000000000000000000e+00
-4.981808965826416968e-01 -5.980109229531977988e-01 3.238552436232566833e-02 1.000000000000000000e+00
-4.488186498522963586e-01 -6.308369379639908736e-01 3.247125819325447083e-02 1.000000000000000000e+00
-4.118037385933464023e-01 -6.543580299099959197e-01 3.266989812254905701e-02 1.000000000000000000e+00
-3.814612318994138329e-01 -6.588087160393220065e-01 3.285722807049751282e-02 1.000000000000000000e+00
-3.501347438067215490e-01 -6.672600863964235351e-01 3.511881455779075623e-02 1.000000000000000000e+00
-2.838691399645137392e-01 -6.914398703643810373e-01 3.744582086801528931e-02 1.000000000000000000e+00
-2.215402730441780599e-01 -7.219804040260420219e-01 3.897104039788246155e-02 1.000000000000000000e+00
-1.404313183364187534e-01 -7.626003986559319880e-01 3.687824681401252747e-02 1.000000000000000000e+00
-4.000903391387578001e-02 -8.192691967023455479e-01 3.509523719549179077e-02 1.000000000000000000e+00
4.423653140691286012e-02 -8.762522416512563694e-01 3.600952401757240295e-02 1.000000000000000000e+00
1.223168978743764401e-01 -9.249182382492699972e-01 3.701457753777503967e-02 1.000000000000000000e+00
2.010354519219920144e-01 -9.672377623985131123e-01 3.603807091712951660e-02 1.000000000000000000e+00
2.666152738553669299e-01 -1.006014801783567059e+00 3.332232683897018433e-02 1.000000000000000000e+00
3.330513933099377155e-01 -1.049446412677618623e+00 3.221445530652999878e-02 1.000000000000000000e+00
4.089805003357082636e-01 -1.081802590426280464e+00 3.188171237707138062e-02 1.000000000000000000e+00
-1.004230388511312855e+00 -3.032961818765801398e-01 4.254886880517005920e-02 1.000000000000000000e+00
-9.372703415829031215e-01 -3.464152738889234584e-01 4.958753660321235657e-02 1.000000000000000000e+00
-8.632979019992509384e-01 -4.070968733820592433e-01 4.692620784044265747e-02 1.000000000000000000e+00
-7.836283780719719427e-01 -4.371309810487256087e-01 3.983641788363456726e-02 1.000000000000000000e+00
-6.828070051408793306e-01 -4.717678090640088362e-01 4.054614901542663574e-02 1.000000000000000000e+00
-5.941859963520687016e-01 -5.209437509188679094e-01 4.201038926839828491e-02 1.000000000000000000e+00
-5.114897649876085639e-01 -5.631726856855929775e-01 4.403153434395790100e-02 1.000000000000000000e+00
-4.514171558453188293e-01 -5.878308996044219192e-01 4.565648734569549561e-02 1.000000000000000000e+00
-4.026373785613939771e-01 -6.028372270648089115e-01 4.606751352548599243e-02 1.000000000000000000e+00
-3.547897473209164487e-01 -5.991385039331899032e-01 4.215132445096969604e-02 1.000000000000000000e+00
-2.896510026939201898e-01 -5.973873339876986099e-01 3.787447512149810791e-02 1.000000000000000000e+00
-2.114400758264819713e-01 -6.264220766558987741e-01 3.789120167493820190e-02 1.000000000000000000e+00
-1.500704290314057165e-01 -6.661522670200266116e-01 4.132258519530296326e-02 1.000000000000000000e+00
-8.691038411158674704e-02 -7.146165488010671751e-01 4.521768540143966675e-02 1.000000000000000000e+00
-1.370510146452980083e-02 -7.573986346127172808e-01 4.628700762987136841e-02 1.000000000000000000e+00
5.374013998393734060e-02 -8.023770769939673198e-01 5.002668127417564392e-02 1.000000000000000000e+00
1.296485529070889875e-01 -8.417015196474808558e-01 4.685691744089126587e-02 1.000000000000000000e+00
2.039617076141033158e-01 -8.754630840597383834e-01 4.356778785586357117e-02 1.000000000000000000e+00
2.745065336691828173e-01 -9.108283149844111914e-01 3.908735886216163635e-02 1.000000000000000000e+00
3.439280197709015385e-01 -9.501058271221077822e-01 3.481440618634223938e-02 1.000000000000000000e+00
4.182657250171734620e-01 -9.851997166360675351e-01 3.253863751888275146e-02 1.000000000000000000e+00
-9.658400043144977909e-01 -2.851206906310451150e-01 5.649213492870330811e-02 1.000000000000000000e+00
-8.992776971954854481e-01 -3.120052802123257640e-01 8.654178678989410400e-02 1.000000000000000000e+00
-8.283767091970645202e-01 -3.656537086539031201e-01 9.223097562789916992e-02 1.000000000000000000e+00
-7.657546266516386257e-01 -4.065275958992226046e-01 8.305571973323822021e-02 1.000000000000000000e+00
-6.781086852031273926e-01 -4.316447257780623992e-01 8.744619786739349365e-02 1.000000000000000000e+00
-5.884751615991152818e-01 -4.673201680444876160e-01 9.147956967353820801e-02 1.000000000000000000e+00
-5.076777722006166060e-01 -5.078092387578344580e-01 1.018264144659042358e-01 1.000000000000000000e+00
-4.318525308146450858e-01 -5.347732171966412817e-01 9.872967004776000977e-02 1.000000000000000000e+00
-3.582226608156894310e-01 -5.434996378871248535e-01 7.256409525871276855e-02 1.000000000000000000e+00
-2.932992655111595348e-01 -5.339034432206340997e-01 6.076230481266975403e-02 1.000000000000000000e+00
-2.302685376592840949e-01 -5.457632608269479269e-01 6.002640351653099060e-02 1.000000000000000000e+00
-1.613309289886068476e-01 -5.776597745090378266e-01 7.579368352890014648e-02 1.000000000000000000e+00
-1.031547067583525878e-01 -6.236737649582004828e-01 9.913165867328643799e-02 1.000000000000000000e+00
-5.126763726289390588e-02 -6.652432859381922636e-01 1.031407862901687622e-01 1.000000000000000000e+00
1.655667294108020826e-02 -6.977556177605869214e-01 1.023288816213607788e-01 1.000000000000000000e+00
8.283429917182577595e-02 -7.347778941813141174e-01 9.907840192317962646e-02 1.000000000000000000e+00
1.501538587180333839e-01 -7.668084032315323206e-01 9.433175623416900635e-02 1.000000000000000000e+00
2.176317850475207316e-01 -7.930235954913386065e-01 7.728344202041625977e-02 1.000000000000000000e+00
2.902449255464238931e-01 -8.178701531394505508e-01 5.453039705753326416e-02 1.000000000000000000e+00
3.648403587713399121e-01 -8.474356826810848231e-01 4.158958792686462402e-02 1.000000000000000000e+00
4.418079852178431466e-01 -8.794249931868836079e-01 3.726891055703163147e-02 1.000000000000000000e+00
-9.263731053130174198e-01 -2.471430926685457830e-01 7.268321514129638672e-02 1.000000000000000000e+00
-8.616059589126295881e-01 -2.710141404344488247e-01 1.056635975837707520e-01 1.000000000000000000e+00
-7.962952024601481771e-01 -3.144319693090374401e-01 1.229861080646514893e-01 1.000000000000000000e+00
-7.297599114710312529e-01 -3.483508257599376434e-01 1.283452510833740234e-01 1.000000000000000000e+00
-6.473137110170060771e-01 -3.702899989673590353e-01 1.331567764282226562e-01 1.000000000000000000e+00
-5.670869952157009397e-01 -3.965222185539638011e-01 1.397635489702224731e-01 1.000000000000000000e+00
-4.812740992342696145e-01 -4.255702216743767474e-01 1.370366513729095459e-01 1.000000000000000000e+00
-3.958655390440274369e-01 -4.466048655608376161e-01 1.183853149414062500e-01 1.000000000000000000e+00
-3.219734418903490436e-01 -4.583679561498189559e-01 1.038682460784912109e-01 1.000000000000000000e+00
-2.568825339364125826e-01 -4.673403353114999881e-01 1.035211235284805298e-01 1.000000000000000000e+00
-1.915247732111294565e-01 -4.856927695637958120e-01 1.053358614444732666e-01 1.000000000000000000e+00
-1.296505548823929099e-01 -5.230467100721672979e-01 1.190062463283538818e-01 1.000000000000000000e+00
-6.890223692806429767e-02 -5.769266932994636665e-01 1.478758752346038818e-01 1.000000000000000000e+00
-1.119040974812735012e-02 -6.158595285100381123e-01 1.576523929834365845e-01 1.000000000000000000e+00
4.996066349057137757e-02 -6.492645727307420067e-01 1.537693738937377930e-01 1.000000000000000000e+00
1.119114942531885815e-01 -6.714721476061930039e-01 1.429487466812133789e-01 1.000000000000000000e+00
1.784964131564270584e-01 -6.935869572680714024e-01 1.303793191909790039e-01 1.000000000000000000e+00
2.428644710482652513e-01 -7.148214246316785259e-01 1.105789840221405029e-01 1.000000000000000000e+00
3.165543370860762762e-01 -7.314996280104396620e-01 8.547854423522949219e-02 1.000000000000000000e+00
3.928608059199889535e-01 -7.550732665398256493e-01 5.356844887137413025e-02 1.000000000000000000e+00
4.719661732065253967e-01 -7.796942437179952279e-01 4.257656261324882507e-02 1.000000000000000000e+00
-8.777103540223392120e-01 -1.979863803133198319e-01 6.857620179653167725e-02 1.000000000000000000e+00
-8.224061444901626938e-01 -2.212294821832591629e-01 1.083457171916961670e-01 1.000000000000000000e+00
-7.615999589128287228e-01 -2.458531883698698017e-01 1.351464837789535522e-01 1.000000000000000000e+00
-6.833162760481485964e-01 -2.666724249819475978e-01 1.490477621555328369e-01 1.000000000000000000e+00
-6.001585735709867864e-01 -2.952506329870777657e-01 1.512938886880874634e-01 1.000000000000000000e+00
-5.258108689849056994e-01 -3.198655620924860665e-01 1.589309424161911011e-01 1.000000000000000000e+00
-4.486600617980620043e-01 -3.493978483073573726e-01 1.581230461597442627e-01 1.000000000000000000e+00
-3.666516828063680067e-01 -3.731241321853377424e-01 1.501436680555343628e-01 1.000000000000000000e+00
-2.942001649347920078e-01 -3.874295628233446753e-01 1.550818830728530884e-01 1.000000000000000000e+00
-2.286990943878596805e-01 -4.032246632852571344e-01 1.616279482841491699e-01 1.000000000000000000e+00
-1.593364347499501010e-01 -4.318276536373116814e-01 1.627829074859619141e-01 1.000000000000000000e+00
-9.670931565612711500e-02 -4.662738303833560138e-01 1.684014797210693359e-01 1.000000000000000000e+00
-3.827007601774060075e-02 -5.237345044930166171e-01 1.966574192047119141e-01 1.000000000000000000e+00
2.655854156120046605e-02 -5.682606058226233881e-01 2.103553116321563721e-01 1.000000000000000000e+00
9.316318518954200267e-02 -5.882738893240515576e-01 1.847821176052093506e-01 1.000000000000000000e+00
1.509640897338068166e-01 -6.022558955832980621e-01 1.604340523481369019e-01 1.000000000000000000e+00
2.091963883460047913e-01 -6.196845235997957557e-01 1.494776159524917603e-01 1.000000000000000000e+00
2.718313467536508377e-01 -6.356526790216938672e-01 1.292509883642196655e-01 1.000000000000000000e+00
3.424170025682252705e-01 -6.448134967430672049e-01 1.045332551002502441e-01 1.000000000000000000e+00
4.175319062377502721e-01 -6.649885714592165264e-01 6.934043765068054199e-02 1.000000000000000000e+00
5.004924984411387445e-01 -6.893252576074679894e-01 4.473111405968666077e-02 1.000000000000000000e+00
-8.223742393258400840e-01 -1.245154882269471908e-01 6.163270398974418640e-02 1.000000000000000000e+00
-7.702757190914022445e-01 -1.473615667839138776e-01 1.141517609357833862e-01 1.000000000000000000e+00
-7.160991484911347627e-01 -1.686023140279491184e-01 1.516361832618713379e-01 1.000000000000000000e+00
-6.329519721893885897e-01 -1.907786791620777189e-01 1.605043113231658936e-01 1.000000000000000000e+00
-5.485972992145173865e-01 -2.146866791774127980e-01 1.532780379056930542e-01 1.000000000000000000e+00
-4.750959981769441454e-01 -2.452469164907526700e-01 1.623476743698120117e-01 1.000000000000000000e+00
-4.075918775811073758e-01 -2.661630487075569707e-01 1.735585927963256836e-01 1.000000000000000000e+00
-3.385079403207563176e-01 -2.977347735066658840e-01 1.917355060577392578e-01 1.000000000000000000e+00
-2.708710018343715165e-01 -3.255821367193709737e-01 2.152005434036254883e-01 1.000000000000000000e+00
-1.998096951267493426e-01 -3.563959004973940026e-01 2.304162532091140747e-01 1.000000000000000000e+00
-1.309578552927917194e-01 -3.895868281909505293e-01 2.328644394874572754e-01 1.000000000000000000e+00
-6.749725065952943970e-02 -4.205371661973951181e-01 2.296870797872543335e-01 1.000000000000000000e+00
-4.069025342635645970e-03 -4.633520844040353026e-01 2.406370490789413452e-01 1.000000000000000000e+00
6.447599597087474987e-02 -5.006395698690172535e-01 2.445722818374633789e-01 1.000000000000000000e+00
1.347727878224676545e-01 -5.175066754228043742e-01 2.220916152000427246e-01 1.000000000000000000e+00
1.902300641717235563e-01 -5.274555759910585229e-01 1.885647326707839966e-01 1.000000000000000000e+00
2.410369836968328794e-01 -5.437729075161572556e-01 1.701920181512832642e-01 1.000000000000000000e+00
2.973909553215822177e-01 -5.590263472177198212e-01 1.475288867950439453e-01 1.000000000000000000e+00
3.656357224863009958e-01 -5.641743318822344255e-01 1.207721531391143799e-01 1.000000000000000000e+00
4.375053925774720076e-01 -5.700147681943588118e-01 7.689622044563293457e-02 1.000000000000000000e+00
5.247987124179167573e-01 -5.843100203684503668e-01 4.383332282304763794e-02 1.000000000000000000e+00
-7.743718448576305535e-01 -5.141633134444067998e-02 7.058539986610412598e-02 1.000000000000000000e+00
-7.270939125684747761e-01 -8.059994721829344400e-02 1.312903910875320435e-01 1.000000000000000000e+00
-6.785205125966395912e-01 -9.827785277030881561e-02 1.585091054439544678e-01 1.000000000000000000e+00
-5.972094637502705083e-01 -1.149696906545632780e-01 1.730146408081054688e-01 1.000000000000000000e+00
-5.121138597152898875e-01 -1.306595082888954706e-01 1.679307520389556885e-01 1.000000000000000000e+00
-4.379549097902648014e-01 -1.594911663675459279e-01 1.738754361867904663e-01 1.000000000000000000e+00
-3.689533538136844371e-01 -1.951795582531760664e-01 2.077507972717285156e-01 1.000000000000000000e+00
-3.037753652023683637e-01 -2.363411767649233886e-01 2.500371336936950684e-01 1.000000000000000000e+00
-2.437516569410632661e-01 -2.756366013132371395e-01 2.846974134445190430e-01 1.000000000000000000e+00
-1.738800477656043397e-01 -3.104530750019420804e-01 3.001226782798767090e-01 1.000000000000000000e+00
-1.030846481594153985e-01 -3.432111967081401538e-01 2.974577248096466064e-01 1.000000000000000000e+00
-3.963924800175341878e-02 -3.687953242051928981e-01 2.888125479221343994e-01 1.000000000000000000e+00
2.758934810865557030e-02 -3.947847884810868901e-01 2.855851054191589355e-01 1.000000000000000000e+00
9.731520821360781226e-02 -4.242085465610426764e-01 2.767286598682403564e-01 1.000000000000000000e+00
1.689358536503521580e-01 -4.413625667860675561e-01 2.521141767501831055e-01 1.000000000000000000e+00
2.297897389234884180e-01 -4.479023352188210572e-01 2.202433943748474121e-01 1.000000000000000000e+00
2.774864106893121241e-01 -4.608186478767575256e-01 1.896194219589233398e-01 1.000000000000000000e+00
3.242655297579853935e-01 -4.753523195045192273e-01 1.641545295715332031e-01 1.000000000000000000e+00
3.851901269062107946e-01 -4.788460614384055236e-01 1.295872330665588379e-01 1.000000000000000000e+00
4.555071110495074738e-01 -4.836785097702762659e-01 7.489793002605438232e-02 1.000000000000000000e+00
5.432006586805007142e-01 -4.861314234263848788e-01 4.156951978802680969e-02 1.000000000000000000e+00
-7.311289254043622510e-01 2.035578986585184769e-02 7.038375735282897949e-02 1.000000000000000000e+00
-6.971087900764902923e-01 -1.022895583989713586e-02 1.454512327909469604e-01 1.000000000000000000e+00
-6.475643477883883392e-01 -3.326374691107136794e-02 1.767972111701965332e-01 1.000000000000000000e+00
-5.632300844249085170e-01 -4.750860199105605419e-02 1.899437159299850464e-01 1.000000000000000000e+00
-4.752782306131931866e-01 -5.822260483704064238e-02 1.940226554870605469e-01 1.000000000000000000e+00
-3.979346858881092075e-01 -8.654932259710632070e-02 2.054499834775924683e-01 1.000000000000000000e+00
-3.345822300681258743e-01 -1.269494476550269701e-01 2.497527599334716797e-01 1.000000000000000000e+00
-2.780089789272863765e-01 -1.779935801802677298e-01 3.095180094242095947e-01 1.000000000000000000e+00
-2.142458758255492701e-01 -2.252289652258517849e-01 3.520548045635223389e-01 1.000000000000000000e+00
-1.401889318106326887e-01 -2.547220654083200975e-01 3.638096749782562256e-01 1.000000000000000000e+00
-7.243400585601963981e-02 -2.764250055298378972e-01 3.490863740444183350e-01 1.000000000000000000e+00
-1.206317615037885704e-02 -3.010324641063476525e-01 3.415994346141815186e-01 1.000000000000000000e+00
5.538758653524317177e-02 -3.254633063141724181e-01 3.326319158077239990e-01 1.000000000000000000e+00
1.298057395786102464e-01 -3.462172047743462544e-01 3.132223486900329590e-01 1.000000000000000000e+00
2.052856823714441226e-01 -3.690944351207185448e-01 2.875814735889434814e-01 1.000000000000000000e+00
2.691292859538370053e-01 -3.808755961709989202e-01 2.587549984455108643e-01 1.000000000000000000e+00
3.141442117008291790e-01 -3.831761555551857490e-01 2.191850244998931885e-01 1.000000000000000000e+00
3.604395942669857966e-01 -3.938629750009697839e-01 1.735795736312866211e-01 1.000000000000000000e+00
4.091511516082396160e-01 -4.017727583547062720e-01 1.328817605972290039e-01 1.000000000000000000e+00
4.738706101666264603e-01 -4.030996030490129889e-01 8.144858479499816895e-02 1.000000000000000000e+00
5.555491479218741535e-01 -4.001827355674074105e-01 3.963058069348335266e-02 1.000000000000000000e+00
-6.778875512257029889e-01 1.007427690586196189e-01 7.721289992332458496e-02 1.000000000000000000e+00
-6.598843773703049198e-01 6.112108575598307336e-02 1.530630737543106079e-01 1.000000000000000000e+00
-6.174453669055333105e-01 3.048867196456822581e-02 1.953982710838317871e-01 1.000000000000000000e+00
-5.351878262821549992e-01 1.577196184207985130e-02 2.167403548955917358e-01 1.000000000000000000e+00
-4.480180283179835410e-01 5.331513116355213189e-03 2.307550013065338135e-01 1.000000000000000000e+00
-3.719128633692708741e-01 -2.428917611326766868e-02 2.570094764232635498e-01 1.000000000000000000e+00
-3.077523154860760668e-01 -6.606321467565859362e-02 2.977672517299652100e-01 1.000000000000000000e+00
-2.499099173694522835e-01 -1.129062547084547091e-01 3.456603884696960449e-01 1.000000000000000000e+00
-1.813038358091617619e-01 -1.582508583728551577e-01 3.789332211017608643e-01 1.000000000000000000e+00
-1.068535089153126727e-01 -1.890873313996914717e-01 3.983676731586456299e-01 1.000000000000000000e+00
-3.995999605563348156e-02 -2.105338342898008530e-01 3.916862010955810547e-01 1.000000000000000000e+00
2.413011390698753533e-02 -2.257207451909889473e-01 3.764567375183105469e-01 1.000000000000000000e+00
9.368861414485907257e-02 -2.479427817038351578e-01 3.661847114562988281e-01 1.000000000000000000e+00
1.664744039403310283e-01 -2.673295786439292554e-01 3.490651249885559082e-01 1.000000000000000000e+00
2.410545958111543208e-01 -2.918048067515921495e-01 3.204539418220520020e-01 1.000000000000000000e+00
3.074427086881821869e-01 -3.095259562872686443e-01 2.895952761173248291e-01 1.000000000000000000e+00
3.533751502538322598e-01 -3.115539309287112535e-01 2.488030791282653809e-01 1.000000000000000000e+00
3.961642126859999946e-01 -3.143146535562070243e-01 1.929027587175369263e-01 1.000000000000000000e+00
4.377042519454584779e-01 -3.216206200847522290e-01 1.427061557769775391e-01 1.000000000000000000e+00
4.941476907928843421e-01 -3.287219004435042446e-01 9.038950502872467041e-02 1.000000000000000000e+00
5.593618782787151966e-01 -3.221027062747319758e-01 4.028378427028656006e-02 1.000000000000000000e+00
-6.209143264924952277e-01 1.823872416235584326e-01 7.984511554241180420e-02 1.000000000000000000e+00
-6.192836438501845286e-01 1.237983385261097746e-01 1.528385877609252930e-01 1.000000000000000000e+00
-5.838833256741262634e-01 8.345849399827182102e-02 1.902893334627151489e-01 1.000000000000000000e+00
-5.006045669113290408e-01 7.244944213928669607e-02 2.301070839166641235e-01 1.000000000000000000e+00
-4.219106687700923675e-01 5.572068361573670470e-02 2.613586187362670898e-01 1.000000000000000000e+00
-3.512728246203493110e-01 2.014880669281493564e-02 2.949714660644531250e-01 1.000000000000000000e+00
-2.829502227631430222e-01 -1.709896590415765916e-02 3.209287226200103760e-01 1.000000000000000000e+00
-2.134474037805104141e-01 -5.040419585087568821e-02 3.546570837497711182e-01 1.000000000000000000e+00
-1.362061810668987738e-01 -8.643903483126537390e-02 3.814344704151153564e-01 1.000000000000000000e+00
-6.277557083099044588e-02 -1.174903145398935589e-01 4.006778597831726074e-01 1.000000000000000000e+00
5.460245396775822990e-03 -1.372561064785097484e-01 4.003666043281555176e-01 1.000000000000000000e+00
7.009001941279852099e-02 -1.522848455255925160e-01 3.929291367530822754e-01 1.000000000000000000e+00
1.359738768575299017e-01 -1.743457822954508907e-01 3.844313919544219971e-01 1.000000000000000000e+00
2.058093135002543872e-01 -1.919700296409558027e-01 3.693727254867553711e-01 1.000000000000000000e+00
2.781607497287742481e-01 -2.168213643709287208e-01 3.432346582412719727e-01 1.000000000000000000e+00
3.483034737756355859e-01 -2.327231174329979502e-01 3.079910278320312500e-01 1.000000000000000000e+00
3.908354707249342974e-01 -2.354313790878988510e-01 2.652124464511871338e-01 1.000000000000000000e+00
4.238416160979069369e-01 -2.322768349908282404e-01 2.067870199680328369e-01 1.000000000000000000e+00
4.584381938728623318e-01 -2.395174106839087491e-01 1.499872654676437378e-01 1.000000000000000000e+00
5.065819910178259722e-01 -2.452725207012227682e-01 9.325265884399414062e-02 1.000000000000000000e+00
5.707462478236897674e-01 -2.483389778849056651e-01 4.094198718667030334e-02 1.000000000000000000e+00
-5.900716526105717064e-01 2.503663466654009184e-01 6.788922846317291260e-02 1.000000000000000000e+00
-5.910768654842686320e-01 1.743221260596350131e-01 1.273470520973205566e-01 1.000000000000000000e+00
-5.479454244453115797e-01 1.262300009509457754e-01 1.774064302444458008e-01 1.000000000000000000e+00
-4.668692178388451630e-01 1.123966466263972008e-01 2.258461117744445801e-01 1.000000000000000000e+00
-3.977885627643219513e-01 9.883390667942490437e-02 2.620049118995666504e-01 1.000000000000000000e+00
-3.289974249289322472e-01 6.243173684083852537e-02 2.901842296123504639e-01 1.000000000000000000e+00
-2.539422011968986981e-01 3.158497471460945671e-02 3.052429258823394775e-01 1.000000000000000000e+00
-1.756591874134387221e-01 3.035990280565503685e-03 3.265772759914398193e-01 1.000000000000000000e+00
-9.701946377760675699e-02 -1.877868640471077460e-02 3.481800556182861328e-01 1.000000000000000000e+00
-2.008512280471505193e-02 -4.137275841771870244e-02 3.694314062595367432e-01 1.000000000000000000e+00
4.857746055727138468e-02 -6.179053180975105364e-02 3.811415135860443115e-01 1.000000000000000000e+00
1.114334581119327816e-01 -8.188471618689593945e-02 3.867186903953552246e-01 1.000000000000000000e+00
1.762247717786745993e-01 -1.025026423283285082e-01 3.887229561805725098e-01 1.000000000000000000e+00
2.451491252654951492e-01 -1.201634046497120217e-01 3.803080022335052490e-01 1.000000000000000000e+00
3.161521929310093793e-01 -1.422026239387861879e-01 3.594718575477600098e-01 1.000000000000000000e+00
3.889671220038706245e-01 -1.604219373700603024e-01 3.235794305801391602e-01 1.000000000000000000e+00
4.354308404000686861e-01 -1.620195347362899663e-01 2.731350064277648926e-01 1.000000000000000000e+00
4.604604207378392711e-01 -1.558964405846272883e-01 2.220419943332672119e-01 1.000000000000000000e+00
4.949618309288571494e-01 -1.619698857487441579e-01 1.624377220869064331e-01 1.000000000000000000e+00
5.332200742188784037e-01 -1.599994889707234413e-01 1.039310842752456665e-01 0.000000000000000000e+00
5.870256893319771851e-01 -1.525001105543617730e-01 4.326141625642776489e-02 1.000000000000000000e+00
-5.645191563233264986e-01 3.176876342323974867e-01 5.683803558349609375e-02 1.000000000000000000e+00
-5.595792085030615315e-01 2.332479405273676920e-01 9.388139843940734863e-02 1.000000000000000000e+00
-5.152769596226083326e-01 1.820173608810268517e-01 1.561167389154434204e-01 1.000000000000000000e+00
-4.469611012611637846e-01 1.561125064035184251e-01 2.055798619985580444e-01 1.000000000000000000e+00
-3.822203914715043283e-01 1.351619296747685328e-01 2.473117411136627197e-01 1.000000000000000000e+00
-3.093225279374858250e-01 1.049210601060199671e-01 2.660033106803894043e-01 1.000000000000000000e+00
-2.370466465203668327e-01 8.229207996573287276e-02 2.993192672729492188e-01 1.000000000000000000e+00
-1.641211820689297829e-01 6.705729551299247082e-02 3.193462193012237549e-01 1.000000000000000000e+00
-8.714044136709463151e-02 5.287790107419025609e-02 3.229544162750244141e-01 1.000000000000000000e+00
1.686652340044191012e-03 3.151005737429238979e-02 3.317848145961761475e-01 1.000000000000000000e+00
8.151351176990331848e-02 8.580708498469320766e-03 3.445747494697570801e-01 1.000000000000000000e+00
1.480539236011143012e-01 -1.174342908415100528e-02 3.631661236286163330e-01 1.000000000000000000e+00
2.158720592917815484e-01 -3.080164392489811997e-02 3.814579546451568604e-01 1.000000000000000000e+00
2.865327681068418064e-01 -4.710345487303277401e-02 3.796986043453216553e-01 1.000000000000000000e+00
3.594813975198916101e-01 -7.021326733455637847e-02 3.670827448368072510e-01 1.000000000000000000e+00
4.300795393383374798e-01 -9.207591240179410774e-02 3.353600203990936279e-01 1.000000000000000000e+00
4.837618011625570147e-01 -9.600164899620494685e-02 2.838816642761230469e-01 1.000000000000000000e+00
5.180337006900088692e-01 -9.284921224155984198e-02 2.283935397863388062e-01 1.000000000000000000e+00
5.457757679042435361e-01 -9.171242744352400833e-02 1.800110936164855957e-01 1.000000000000000000e+00
5.901661563816451572e-01 -8.716092605255976178e-02 1.268183588981628418e-01 1.000000000000000000e+00
6.442915185609718876e-01 -8.210073327349332040e-02 4.878392070531845093e-02 1.000000000000000000e+00
-5.419927721490269690e-01 3.864932811203871110e-01 4.828837513923645020e-02 1.000000000000000000e+00
-5.293529428173220364e-01 3.134028802456587104e-01 6.742136180400848389e-02 1.000000000000000000e+00
-4.829734970447214781e-01 2.656130323344896293e-01 1.411134600639343262e-01 1.000000000000000000e+00
-4.196167106360536025e-01 2.289095757493230798e-01 1.967759579420089722e-01 1.000000000000000000e+00
-3.559940408335547923e-01 2.011636942452982024e-01 2.339671254158020020e-01 1.000000000000000000e+00
-2.868319527793524726e-01 1.746547964032876543e-01 2.673806250095367432e-01 1.000000000000000000e+00
-2.180115070791794618e-01 1.530987433171863699e-01 2.994281947612762451e-01 1.000000000000000000e+00
-1.464377724019167160e-01 1.422566127346396592e-01 3.116228282451629639e-01 1.000000000000000000e+00
-6.953236919179479891e-02 1.258559107919192677e-01 3.097305595874786377e-01 1.000000000000000000e+00
1.575390191749301283e-02 9.902848814228767949e-02 3.103793859481811523e-01 1.000000000000000000e+00
9.871025309425009164e-02 7.604950476689795180e-02 3.154585063457489014e-01 1.000000000000000000e+00
1.775302651429434553e-01 5.816157093204071121e-02 3.253280222415924072e-01 1.000000000000000000e+00
2.504456459608742636e-01 3.839414580304473246e-02 3.483281433582305908e-01 1.000000000000000000e+00
3.259976651330178665e-01 2.143581339565589494e-02 3.616664707660675049e-01 1.000000000000000000e+00
4.011402592820144108e-01 -3.363444951714783526e-03 3.575156927108764648e-01 1.000000000000000000e+00
4.722830858971908130e-01 -2.573756309905650408e-02 3.352650105953216553e-01 1.000000000000000000e+00
5.340136783029143519e-01 -4.149412026800569642e-02 2.929778099060058594e-01 1.000000000000000000e+00
5.796345650960157414e-01 -4.152442385208499065e-02 2.355705797672271729e-01 1.000000000000000000e+00
6.220133687876895356e-01 -3.411696771232558545e-02 1.844167858362197876e-01 1.000000000000000000e+00
6.745823321452059096e-01 -3.840418728970218520e-02 1.324268281459808350e-01 1.000000000000000000e+00
7.235123366022917502e-01 -6.198252519269720207e-02 7.036153972148895264e-02 1.000000000000000000e+00
-5.263354760766770779e-01 4.569321236565299649e-01 4.750509187579154968e-02 1.000000000000000000e+00
-4.980898067062977663e-01 4.050604272240656556e-01 7.394845783710479736e-02 1.000000000000000000e+00
-4.418331310813357615e-01 3.627797940792859555e-01 1.377371549606323242e-01 1.000000000000000000e+00
-3.850916929415135748e-01 3.188313153085209350e-01 1.991358399391174316e-01 1.000000000000000000e+00
-3.249750047811264531e-01 2.903516189763399313e-01 2.347218841314315796e-01 1.000000000000000000e+00
-2.578788762155871939e-01 2.624590348293606712e-01 2.635661363601684570e-01 1.000000000000000000e+00
-1.969612793954816365e-01 2.422721866544975400e-01 2.876634001731872559e-01 1.000000000000000000e+00
-1.255060129239379818e-01 2.248976383129954182e-01 2.936526834964752197e-01 1.000000000000000000e+00
-4.898373115222513785e-02 1.990400831362283407e-01 2.934601306915283203e-01 1.000000000000000000e+00
2.978518837936089403e-02 1.674389872520634093e-01 2.940631508827209473e-01 1.000000000000000000e+00
1.100182788915032711e-01 1.366662771386679964e-01 2.976579368114471436e-01 1.000000000000000000e+00
1.940588419411349019e-01 1.129281605329682525e-01 3.102678358554840088e-01 1.000000000000000000e+00
2.756972980434487797e-01 9.494170843971679041e-02 3.269087374210357666e-01 1.000000000000000000e+00
3.535727992170130118e-01 8.116351380315681152e-02 3.414321839809417725e-01 1.000000000000000000e+00
4.328220874545019581e-01 5.982332107006013699e-02 3.406247198581695557e-01 1.000000000000000000e+00
5.062998073303333069e-01 3.635140395955513415e-02 3.246570825576782227e-01 1.000000000000000000e+00
5.731665832829884177e-01 1.651789784045015752e-02 2.945824265480041504e-01 1.000000000000000000e+00
6.229882464671707698e-01 1.581939812007909785e-02 2.479359805583953857e-01 1.000000000000000000e+00
6.795504340602760429e-01 1.397009977454238827e-02 1.975697726011276245e-01 1.000000000000000000e+00
7.496092226583279672e-01 -8.607608724531201627e-03 1.626594662666320801e-01 1.000000000000000000e+00
7.953297446013092298e-01 -3.408381921597175568e-02 1.098833829164505005e-01 1.000000000000000000e+00
-4.845100130907467606e-01 5.395781581244134539e-01 5.347159504890441895e-02 1.000000000000000000e+00
-4.722575462240822808e-01 4.983216604712230047e-01 9.356002509593963623e-02 1.000000000000000000e+00
-4.147302484836381531e-01 4.553364795333109671e-01 1.396782845258712769e-01 1.000000000000000000e+00
-3.438643358828014085e-01 4.193001983404487931e-01 1.938277482986450195e-01 1.000000000000000000e+00
-2.851045378513532569e-01 3.888543370372553598e-01 2.240861356258392334e-01 1.000000000000000000e+00
-2.270008714208104350e-01 3.604020322053392844e-01 2.410816848278045654e-01 1.000000000000000000e+00
-1.710832882655428377e-01 3.288713953151724545e-01 2.582584023475646973e-01 1.000000000000000000e+00
-1.108200173173018582e-01 2.989008767061970273e-01 2.676667571067810059e-01 1.000000000000000000e+00
-3.797529042254346732e-02 2.661102387063727370e-01 2.704083621501922607e-01 1.000000000000000000e+00
3.624319192600325423e-02 2.249185958334175006e-01 2.771277427673339844e-01 1.000000000000000000e+00
1.196721304467569386e-01 1.949883801483306145e-01 2.842343151569366455e-01 1.000000000000000000e+00
2.057216388357285264e-01 1.720755041048302181e-01 2.932285070419311523e-01 1.000000000000000000e+00
2.889129692296459884e-01 1.527117825642958504e-01 3.023258447647094727e-01 1.000000000000000000e+00
3.727143805241146524e-01 1.378790527045690439e-01 3.155967295169830322e-01 1.000000000000000000e+00
4.580292113916246688e-01 1.178568551446807500e-01 3.125454783439636230e-01 1.000000000000000000e+00
5.331257074250624894e-01 9.455154452633937612e-02 3.070469200611114502e-01 1.000000000000000000e+00
6.002514336149684659e-01 7.524474757307503259e-02 2.876165211200714111e-01 1.000000000000000000e+00
6.675308904348180583e-01 6.671424650789431476e-02 2.542745769023895264e-01 1.000000000000000000e+00
7.329831338577504907e-01 6.342135538058668587e-02 2.120845764875411987e-01 1.000000000000000000e+00
8.069355536883600077e-01 4.048988730853692042e-02 1.915758699178695679e-01 1.000000000000000000e+00
8.617660747901225715e-01 3.388690913973091412e-03 1.424317061901092529e-01 1.000000000000000000e+00
-4.096852377896587072e-01 6.333957363573596844e-01 6.011147424578666687e-02 1.000000000000000000e+00
-4.147280449937144620e-01 5.936514057255565247e-01 1.121508032083511353e-01 1.000000000000000000e+00
-3.768089784670845543e-01 5.620382874528537798e-01 1.454136371612548828e-01 1.000000000000000000e+00
-3.146034753723402910e-01 5.260061458707687709e-01 1.819181293249130249e-01 1.000000000000000000e+00
-2.584673924176801307e-01 4.899430474284525161e-01 2.071706801652908325e-01 1.000000000000000000e+00
-2.043940499861279791e-01 4.540214043464509963e-01 2.266022861003875732e-01 1.000000000000000000e+00
-1.563899169604173467e-01 4.160185709584057201e-01 2.286975532770156860e-01 1.000000000000000000e+00
-1.040126796167769596e-01 3.739459009008908597e-01 2.373443692922592163e-01 1.000000000000000000e+00
-3.401116858585134795e-02 3.297801972729007547e-01 2.534983754158020020e-01 1.000000000000000000e+00
4.686175323353491962e-02 2.894725213271888142e-01 2.702670693397521973e-01 1.000000000000000000e+00
1.314713935684727608e-01 2.599375798608613009e-01 2.796227931976318359e-01 1.000000000000000000e+00
2.181985284510903900e-01 2.336987168772600709e-01 2.806687355041503906e-01 1.000000000000000000e+00
3.014993142105906188e-01 2.130683139515792968e-01 2.767785489559173584e-01 1.000000000000000000e+00
3.861827642139831762e-01 1.926147223237577311e-01 2.865235507488250732e-01 1.000000000000000000e+00
4.760932979798332410e-01 1.813495756765083622e-01 2.880311012268066406e-01 1.000000000000000000e+00
5.606136712896250263e-01 1.625928688532960187e-01 2.891372740268707275e-01 1.000000000000000000e+00
6.358797030211977841e-01 1.394286026634963815e-01 2.758589982986450195e-01 1.000000000000000000e+00
7.110522741161977578e-01 1.234700777964830021e-01 2.561280131340026855e-01 1.000000000000000000e+00
7.865916492337881039e-01 1.142202775411911286e-01 2.268140166997909546e-01 1.000000000000000000e+00
8.559634231276882499e-01 8.842918794452570008e-02 2.045841962099075317e-01 1.000000000000000000e+00
9.141791369549971957e-01 5.341632574682814161e-02 1.614550650119781494e-01 1.000000000000000000e+00
-3.252604219221533199e-01 7.242983542535955666e-01 6.193418428301811218e-02 1.000000000000000000e+00
-3.250507624242359173e-01 6.939850131788325438e-01 1.185076981782913208e-01 1.000000000000000000e+00
-3.134069684899646324e-01 6.588471539651636899e-01 1.621171236038208008e-01 1.000000000000000000e+00
-2.767237423920832495e-01 6.191157834892775380e-01 1.795294135808944702e-01 1.000000000000000000e+00
-2.241336740001750039e-01 5.864659581103282004e-01 2.018205821514129639e-01 1.000000000000000000e+00
-1.817209210220257498e-01 5.452424206097623571e-01 2.143777459859848022e-01 1.000000000000000000e+00
-1.446829659736524609e-01 4.985722669495579185e-01 2.150361090898513794e-01 1.000000000000000000e+00
-9.889367091061357362e-02 4.511414996509894859e-01 2.155687063932418823e-01 1.000000000000000000e+00
-2.671994291757287532e-02 3.979321465404864200e-01 2.226726859807968140e-01 1.000000000000000000e+00
6.146838632442500061e-02 3.505474036004919136e-01 2.458775043487548828e-01 1.000000000000000000e+00
1.512606349599291966e-01 3.213949026375522711e-01 2.548906505107879639e-01 1.000000000000000000e+00
2.333697449195642482e-01 2.932572767133307390e-01 2.481717467308044434e-01 1.000000000000000000e+00
3.124744273198122868e-01 2.688074473502517492e-01 2.519005239009857178e-01 1.000000000000000000e+00
3.938913701230650766e-01 2.483657832805588050e-01 2.611665725708007812e-01 1.000000000000000000e+00
4.797993019795325220e-01 2.390397288395986197e-01 2.695069015026092529e-01 1.000000000000000000e+00
5.678753414803852095e-01 2.267132086430115046e-01 2.711839377880096436e-01 1.000000000000000000e+00
6.648437338143089459e-01 2.140482071060333946e-01 2.689209878444671631e-01 1.000000000000000000e+00
7.523424457842593505e-01 1.961245854271995714e-01 2.510603070259094238e-01 1.000000000000000000e+00
8.305621918797485570e-01 1.765203160171453511e-01 2.304834425449371338e-01 1.000000000000000000e+00
9.039357247460608757e-01 1.443500480172649758e-01 2.125804275274276733e-01 1.000000000000000000e+00
9.681430345576785834e-01 1.222495472104561109e-01 1.759390234947204590e-01 1.000000000000000000e+00
-2.689041006105994946e-01 8.089979254265435848e-01 6.694242358207702637e-02 1.000000000000000000e+00
-2.455317554297014593e-01 7.853347248440718520e-01 1.202792376279830933e-01 1.000000000000000000e+00
-2.364715316990116389e-01 7.472654153392128684e-01 1.615933030843734741e-01 1.000000000000000000e+00
-2.124100855449604641e-01 7.052223955896254060e-01 1.977819204330444336e-01 1.000000000000000000e+00
-1.810314196538117815e-01 6.645636680059540113e-01 2.076310962438583374e-01 1.000000000000000000e+00
-1.568496442472620822e-01 6.204692346987958906e-01 2.147096842527389526e-01 1.000000000000000000e+00
-1.225819594046613781e-01 5.736974649868316067e-01 2.083799988031387329e-01 1.000000000000000000e+00
-8.621791139055307029e-02 5.214553504395171846e-01 2.040836513042449951e-01 1.000000000000000000e+00
-2.777917751434866300e-02 4.662283328603885058e-01 2.042805999517440796e-01 1.000000000000000000e+00
5.833402003107895917e-02 4.147501931626067506e-01 2.211972922086715698e-01 1.000000000000000000e+00
1.556338657184044572e-01 3.768682158626665002e-01 2.311658710241317749e-01 1.000000000000000000e+00
2.411232688324466134e-01 3.469327423582279080e-01 2.407487183809280396e-01 1.000000000000000000e+00
3.143307747257624851e-01 3.196637840552400966e-01 2.524410188198089600e-01 1.000000000000000000e+00
3.906499034192967845e-01 3.074841087472210410e-01 2.554601132869720459e-01 1.000000000000000000e+00
4.703362386707755083e-01 2.975316309651994673e-01 2.543059289455413818e-01 1.000000000000000000e+00
5.600435297963938241e-01 2.918311011167070701e-01 2.535448670387268066e-01 1.000000000000000000e+00
6.669337960319641212e-01 2.892365832692249672e-01 2.533258497714996338e-01 1.000000000000000000e+00
7.768299755033314380e-01 2.711100245148111987e-01 2.402378320693969727e-01 1.000000000000000000e+00
8.660545166261059968e-01 2.557073744328079434e-01 2.250599414110183716e-01 1.000000000000000000e+00
9.495064989362829166e-01 2.281464965203215400e-01 2.024658322334289551e-01 1.000000000000000000e+00
1.013163118025257381e+00 2.054917646555943223e-01 1.680610477924346924e-01 1.000000000000000000e+00
-2.094709118437805828e-01 8.946512587078688794e-01 5.186678841710090637e-02 1.000000000000000000e+00
-1.786646844491068253e-01 8.634301377364539398e-01 9.059712290763854980e-02 1.000000000000000000e+00
-1.738938508584919052e-01 8.154882450692817475e-01 1.317797303199768066e-01 1.000000000000000000e+00
-1.693083369607794042e-01 7.663066871468586783e-01 1.815539151430130005e-01 1.000000000000000000e+00
-1.501344922411426142e-01 7.243172781885770517e-01 2.113397717475891113e-01 1.000000000000000000e+00
-1.298864929403572011e-01 6.874499757298244695e-01 2.229570746421813965e-01 1.000000000000000000e+00
-1.059425732733787484e-01 6.417995861427652216e-01 2.149422466754913330e-01 0.000000000000000000e+00
-7.675604926697859876e-02 5.934034558157670336e-01 2.034858167171478271e-01 1.000000000000000000e+00
-2.982237243645979863e-02 5.481568330374422260e-01 2.014359682798385620e-01 1.000000000000000000e+00
4.223693739958594984e-02 4.915633935561660728e-01 2.058656364679336548e-01 1.000000000000000000e+00
1.391080021235858721e-01 4.349537802217738891e-01 2.258591949939727783e-01 1.000000000000000000e+00
2.275859539718384505e-01 4.027014944546913888e-01 2.416943460702896118e-01 1.000000000000000000e+00
3.007733031348540642e-01 3.741568458776879935e-01 2.629976868629455566e-01 1.000000000000000000e+00
3.671043452277311103e-01 3.590905750620062564e-01 2.673486173152923584e-01 1.000000000000000000e+00
4.411560946435686970e-01 3.481164734771488578e-01 2.594403028488159180e-01 1.000000000000000000e+00
5.356747488230012566e-01 3.452118338499675088e-01 2.482621073722839355e-01 1.000000000000000000e+00
6.582638837286215461e-01 3.546034477137864904e-01 2.233955711126327515e-01 1.000000000000000000e+00
7.842351767866954093e-01 3.492258364818723315e-01 2.083885371685028076e-01 1.000000000000000000e+00
8.800732749372539576e-01 3.403101342947263963e-01 1.883773356676101685e-01 1.000000000000000000e+00
9.659739891459138139e-01 3.081252413384127919e-01 1.666791290044784546e-01 1.000000000000000000e+00
1.034532581744644686e+00 2.904020700710967517e-01 1.308118551969528198e-01 1.000000000000000000e+00
-1.704133641084622508e-01 9.637089332132414699e-01 3.194763511419296265e-02 1.000000000000000000e+00
-1.364263562035198940e-01 9.296302137659393505e-01 5.578520521521568298e-02 1.000000000000000000e+00
-1.297411916801159415e-01 8.674764248543179734e-01 9.373340010643005371e-02 1.000000000000000000e+00
-1.306606884006538682e-01 8.182781346330361139e-01 1.379750818014144897e-01 1.000000000000000000e+00
-1.205573090958951266e-01 7.761216977141058848e-01 1.877606064081192017e-01 1.000000000000000000e+00
-1.052781914268772767e-01 7.359323595823001884e-01 2.168256789445877075e-01 1.000000000000000000e+00
-9.246757252829396201e-02 6.920825255104749996e-01 2.144481390714645386e-01 0.000000000000000000e+00
-7.552089372451836757e-02 6.502209479437269790e-01 2.068078815937042236e-01 0.000000000000000000e+00
-3.354878604755051619e-02 6.083128191827986697e-01 2.101610004901885986e-01 1.000000000000000000e+00
4.087310752862188812e-02 5.572788019012004934e-01 2.127589583396911621e-01 1.000000000000000000e+00
1.285389738997666231e-01 4.946002004319215439e-01 2.310891300439834595e-01 1.000000000000000000e+00
2.086401974596305553e-01 4.501635557882791572e-01 2.467405200004577637e-01 1.000000000000000000e+00
2.777914168952730911e-01 4.145977269381186936e-01 2.648668587207794189e-01 1.000000000000000000e+00
3.488948098653114616e-01 4.009156639946560019e-01 2.638816833496093750e-01 0.000000000000000000e+00
4.320259150468848675e-01 3.953843247669764915e-01 2.440342009067535400e-01 0.000000000000000000e+00
5.324585122764228240e-01 4.144860904731255125e-01 2.186794430017471313e-01 1.000000000000000000e+00
6.820957033152730276e-01 4.079727691878126672e-01 1.856455504894256592e-01 1.000000000000000000e+00
8.057503843082336470e-01 4.022378896577838425e-01 1.652631461620330811e-01 1.000000000000000000e+00
9.024771066127958985e-01 3.996026579546401725e-01 1.370272338390350342e-01 1.000000000000000000e+00
9.943901530552318180e-01 3.748067818918625060e-01 1.063888669013977051e-01 1.000000000000000000e+00
1.070536105616590961e+00 3.560352499146864913e-01 8.272919058799743652e-02 1.000000000000000000e+00
-1.542160773446346611e-01 1.011617003034483764e+00 3.106952458620071411e-02 1.000000000000000000e+00
-1.160263121467315361e-01 9.656664857391784595e-01 3.311658650636672974e-02 1.000000000000000000e+00
-1.036154982531225510e-01 8.990137736301102578e-01 6.514884531497955322e-02 1.000000000000000000e+00
-1.108011144557448646e-01 8.438948837908362144e-01 1.158574372529983521e-01 1.000000000000000000e+00
-1.093182829580103266e-01 7.955823095910107279e-01 1.652096062898635864e-01 1.000000000000000000e+00
-8.961450483862182237e-02 7.600501982196589124e-01 1.935673803091049194e-01 0.000000000000000000e+00
-8.322236627948981225e-02 7.220695446106424331e-01 2.065595835447311401e-01 0.000000000000000000e+00
-7.952379066184050993e-02 6.906058474526231006e-01 2.080608457326889038e-01 0.000000000000000000e+00
-5.040619782618005473e-02 6.530303514983419877e-01 2.112206667661666870e-01 0.000000000000000000e+00
1.177911692812749767e-02 6.044163219645422025e-01 2.181137055158615112e-01 1.000000000000000000e+00
9.156995002213294543e-02 5.388204210084605039e-01 2.338710576295852661e-01 1.000000000000000000e+00
1.676317880105764047e-01 4.899972904224861314e-01 2.449733167886734009e-01 1.000000000000000000e+00
2.427352066638820971e-01 4.566079985864131552e-01 2.488531470298767090e-01 0.000000000000000000e+00
3.175355473295459197e-01 4.405682462056071391e-01 2.407050579786300659e-01 0.000000000000000000e+00
4.056965864871330263e-01 4.377003744353955006e-01 2.143887281417846680e-01 0.000000000000000000e+00
5.323200361714621742e-01 4.546861576120551640e-01 1.897270083427429199e-01 1.000000000000000000e+00
6.766803811906538790e-01 4.566859702561583689e-01 1.496858447790145874e-01 1.000000000000000000e+00
8.175187959368395152e-01 4.638843991007280954e-01 1.156846582889556885e-01 1.000000000000000000e+00
9.221425732468879755e-01 4.612768157302076233e-01 8.098545670509338379e-02 1.000000000000000000e+00
1.032752003835605059e+00 4.493597943137523920e-01 5.332449451088905334e-02 1.000000000000000000e+00
1.089127754844322338e+00 4.598324853785877853e-01 4.296908155083656311e-02 1.000000000000000000e+00
