-1.028792855327037348e+00 -1.003243351466038824e-01 8.092677593231201172e-02 1.000000000000000000e+00
-9.608913742434397331e-01 -1.198293487284149417e-01 1.192032098770141602e-01 1.000000000000000000e+00
-8.955081673583680235e-01 -1.821093674513264427e-01 1.259447038173675537e-01 1.000000000000000000e+00
-8.101704086052681220e-01 -2.439715844649494314e-01 1.236075460910797119e-01 1.000000000000000000e+00
-7.161764879581522525e-01 -2.815608835121179432e-01 1.234124749898910522e-01 1.000000000000000000e+00
-6.206612662773235423e-01 -3.080040796856560181e-01 1.096704453229904175e-01 0.000000000000000000e+00
-5.323416496022141953e-01 -3.198776582380087330e-01 9.336602687835693359e-02 0.000000000000000000e+00
-4.549151388058366163e-01 -3.212331535696796858e-01 7.615105807781219482e-02 0.000000000000000000e+00
-3.820932344295468464e-01 -3.342588794463503543e-01 6.614795327186584473e-02 0.000000000000000000e+00
-3.167779366541384478e-01 -3.536115637809310042e-01 5.190579965710639954e-02 0.000000000000000000e+00
-2.212045312489404059e-01 -4.124305149142642457e-01 4.673635959625244141e-02 1.000000000000000000e+00
-1.358903325841580301e-01 -4.902676940658199367e-01 4.643649980425834656e-02 0.000000000000000000e+00
-5.508660535331455499e-02 -5.595330471672299577e-01 4.707429930567741394e-02 1.000000000000000000e+00
4.279064162189982756e-03 -6.271035701228957482e-01 5.025479570031166077e-02 1.000000000000000000e+00
5.425991599319790470e-02 -6.914029707985096529e-01 5.069100484251976013e-02 1.000000000000000000e+00
1.119215884234069369e-01 -7.488715685156902557e-01 5.026581883430480957e-02 1.000000000000000000e+00
1.681143378158900248e-01 -8.005020058505660785e-01 4.961527138948440552e-02 1.000000000000000000e+00
2.271789734659054871e-01 -8.477928350753661801e-01 4.732128605246543884e-02 1.000000000000000000e+00
2.789017545458686853e-01 -8.861090408188021517e-01 4.584240168333053589e-02 1.000000000000000000e+00
3.315581726140452434e-01 -9.219303217177871046e-01 4.103695601224899292e-02 1.000000000000000000e+00
4.054457916650693328e-01 -9.504092212111134863e-01 3.387237712740898132e-02 1.000000000000000000e+00
-9.789578315918769924e-01 -1.105705711943902325e-01 1.181469112634658813e-01 1.000000000000000000e+00
-9.168355263760932239e-01 -1.384622175739901317e-01 1.455031484365463257e-01 1.000000000000000000e+00
-8.464631020048475341e-01 -1.830146396104919693e-01 1.520495861768722534e-01 1.000000000000000000e+00
-7.697683974758766645e-01 -2.326590752966858910e-01 1.571842133998870850e-01 1.000000000000000000e+00
-6.905566831538351158e-01 -2.685187941215129159e-01 1.618394404649734497e-01 1.000000000000000000e+00
-6.084366571604358231e-01 -3.015296494048065323e-01 1.535423099994659424e-01 1.000000000000000000e+00
-5.290571140876239031e-01 -3.187425909240497179e-01 1.439637094736099243e-01 0.000000000000000000e+00
-4.570518259746569889e-01 -3.160313789897530312e-01 1.219342797994613647e-01 0.000000000000000000e+00
-3.790059514343435687e-01 -3.167396409739103857e-01 1.025939732789993286e-01 0.000000000000000000e+00
-2.940252976603203727e-01 -3.464919916899252272e-01 8.799672126770019531e-02 0.000000000000000000e+00
-2.141498442312171901e-01 -3.988008352351445351e-01 9.089133143424987793e-02 0.000000000000000000e+00
-1.407434157496419702e-01 -4.701435432793837910e-01 9.758473932743072510e-02 1.000000000000000000e+00
-7.398137471553642430e-02 -5.494323020405031954e-01 1.019817590713500977e-01 1.000000000000000000e+00
-2.010303521533202131e-02 -6.069961305618940539e-01 9.432698786258697510e-02 1.000000000000000000e+00
2.661284777550676495e-02 -6.532988479967806184e-01 9.343598783016204834e-02 1.000000000000000000e+00
8.341702149933738486e-02 -6.939955077441117837e-01 8.927939832210540771e-02 1.000000000000000000e+00
1.424981154936962868e-01 -7.357310240869636697e-01 7.780160009860992432e-02 1.000000000000000000e+00
2.093521630981011183e-01 -7.810959952159071129e-01 7.453314960002899170e-02 1.000000000000000000e+00
2.757886829477327884e-01 -8.201577576360763455e-01 6.993471086025238037e-02 1.000000000000000000e+00
3.359392321496313949e-01 -8.529868651718789385e-01 4.876163974404335022e-02 1.000000000000000000e+00
4.089960314493844562e-01 -8.859449842109733408e-01 4.112477973103523254e-02 1.000000000000000000e+00
-9.151926843679871748e-01 -1.167680123868262143e-01 1.360023170709609985e-01 1.000000000000000000e+00
-8.573643422253417468e-01 -1.292766069689803565e-01 1.642671823501586914e-01 1.000000000000000000e+00
-7.904926350914108779e-01 -1.621162512169106451e-01 1.763537526130676270e-01 1.000000000000000000e+00
-7.208883791811246944e-01 -2.042280335498436461e-01 1.941809654235839844e-01 1.000000000000000000e+00
-6.484125741880942817e-01 -2.412436718419302961e-01 2.020642012357711792e-01 1.000000000000000000e+00
-5.758147435319127538e-01 -2.756736536614343702e-01 1.976114809513092041e-01 1.000000000000000000e+00
-5.018637356207282796e-01 -2.972949658740987045e-01 1.809035688638687134e-01 1.000000000000000000e+00
-4.289265490770490796e-01 -3.032083794544196409e-01 1.545437574386596680e-01 0.000000000000000000e+00
-3.581684494317923240e-01 -3.043613381055715328e-01 1.425176411867141724e-01 0.000000000000000000e+00
-2.796374093473797950e-01 -3.277881554539918141e-01 1.366346925497055054e-01 0.000000000000000000e+00
-2.064895491472408806e-01 -3.768553716105828566e-01 1.318717151880264282e-01 1.000000000000000000e+00
-1.439171788096335891e-01 -4.408469106312489783e-01 1.410193592309951782e-01 1.000000000000000000e+00
-9.125414368624082395e-02 -5.098397000633391185e-01 1.536778062582015991e-01 1.000000000000000000e+00
-3.294503244263169428e-02 -5.671628279328844169e-01 1.505163162946701050e-01 1.000000000000000000e+00
2.712293000960980249e-02 -6.139004586975547184e-01 1.456039696931838989e-01 1.000000000000000000e+00
9.179579390987885334e-02 -6.561506091341489100e-01 1.444955319166183472e-01 1.000000000000000000e+00
1.564644431252967816e-01 -6.965255619867964931e-01 1.422986537218093872e-01 1.000000000000000000e+00
2.339899041852659123e-01 -7.264056966791403447e-01 1.395153999328613281e-01 1.000000000000000000e+00
3.028239896592882507e-01 -7.555066415096389765e-01 1.103463917970657349e-01 1.000000000000000000e+00
3.665290986974742982e-01 -7.819392272140645028e-01 7.243117690086364746e-02 1.000000000000000000e+00
4.448524838934517223e-01 -8.058436131371397027e-01 4.592225700616836548e-02 1.000000000000000000e+00
-8.543364704814706556e-01 -1.088932530642022223e-01 1.472814530134201050e-01 1.000000000000000000e+00
-8.042134151835869105e-01 -1.167200071263722605e-01 1.749491989612579346e-01 1.000000000000000000e+00
-7.404709429641957996e-01 -1.444489245238715358e-01 2.014388889074325562e-01 1.000000000000000000e+00
-6.724680144162326068e-01 -1.771601051775406610e-01 2.240648269653320312e-01 1.000000000000000000e+00
-6.047320861535858683e-01 -2.158158880794287804e-01 2.372018098831176758e-01 1.000000000000000000e+00
-5.350462866281432417e-01 -2.497861952956487164e-01 2.318911403417587280e-01 1.000000000000000000e+00
-4.641165017954773098e-01 -2.697460260564530365e-01 2.125619947910308838e-01 1.000000000000000000e+00
-3.986563453017369363e-01 -2.817272265864782521e-01 1.934592425823211670e-01 1.000000000000000000e+00
-3.296478140217279917e-01 -2.864971329464258698e-01 1.752491891384124756e-01 0.000000000000000000e+00
-2.613361492717103385e-01 -3.011278740346642335e-01 1.613511890172958374e-01 0.000000000000000000e+00
-1.894467860655726088e-01 -3.334018548920176794e-01 1.597228795289993286e-01 0.000000000000000000e+00
-1.324459129997416218e-01 -3.919173592527846472e-01 1.778446137905120850e-01 1.000000000000000000e+00
-7.885142198754596654e-02 -4.568670541907853266e-01 2.051530778408050537e-01 1.000000000000000000e+00
-1.572395658162589749e-02 -5.203680671150574533e-01 2.259387671947479248e-01 1.000000000000000000e+00
5.373788512754196223e-02 -5.726830535634471753e-01 2.274878174066543579e-01 1.000000000000000000e+00
1.233864163021888283e-01 -6.154121818599435079e-01 2.204279005527496338e-01 1.000000000000000000e+00
1.918440039784633788e-01 -6.507174378191853403e-01 2.121858596801757812e-01 1.000000000000000000e+00
2.687208461132740700e-01 -6.703138889888408114e-01 1.927672773599624634e-01 1.000000000000000000e+00
3.402396858374403532e-01 -6.894228275617707569e-01 1.508169919252395630e-01 1.000000000000000000e+00
4.040596345011066015e-01 -7.090774097722348790e-01 1.017090678215026855e-01 1.000000000000000000e+00
4.888296541313404964e-01 -7.205095949168451863e-01 6.201048567891120911e-02 1.000000000000000000e+00
-7.969311562573291319e-01 -7.961733559211053857e-02 1.561633795499801636e-01 1.000000000000000000e+00
-7.560863924843306272e-01 -9.473372427902776449e-02 1.928516477346420288e-01 1.000000000000000000e+00
-6.936307478436742890e-01 -1.263616466322698972e-01 2.266824245452880859e-01 1.000000000000000000e+00
-6.298349598609169764e-01 -1.586280515936034918e-01 2.618057131767272949e-01 1.000000000000000000e+00
-5.711027785519554589e-01 -1.943000905020114133e-01 2.852753996849060059e-01 1.000000000000000000e+00
-5.069221160853087937e-01 -2.257152871741069378e-01 2.841423451900482178e-01 1.000000000000000000e+00
-4.416213378992123184e-01 -2.530772846451825320e-01 2.666812837123870850e-01 1.000000000000000000e+00
-3.802192485674948941e-01 -2.620170842929646082e-01 2.444762736558914185e-01 1.000000000000000000e+00
-3.108127245969975472e-01 -2.671819066234593643e-01 2.214718461036682129e-01 1.000000000000000000e+00
-2.406383956821090964e-01 -2.770384476415579389e-01 2.082245349884033203e-01 0.000000000000000000e+00
-1.804416746076668021e-01 -3.121001791101038481e-01 2.151418477296829224e-01 1.000000000000000000e+00
-1.251648025751057602e-01 -3.722368778039105708e-01 2.355957329273223877e-01 1.000000000000000000e+00
-6.472308187026964976e-02 -4.322743680846786729e-01 2.687270045280456543e-01 1.000000000000000000e+00
5.333831193023524930e-03 -4.789515813420086587e-01 2.732437252998352051e-01 1.000000000000000000e+00
7.806466676639337021e-02 -5.177920517340716122e-01 2.650837302207946777e-01 1.000000000000000000e+00
1.534869157919718508e-01 -5.512907462521666746e-01 2.569721639156341553e-01 1.000000000000000000e+00
2.263127925087337622e-01 -5.802193315456800615e-01 2.371037602424621582e-01 1.000000000000000000e+00
2.989817775819137990e-01 -5.950573192247585741e-01 2.073939144611358643e-01 1.000000000000000000e+00
3.696616737497586680e-01 -6.101177685069898438e-01 1.664735674858093262e-01 1.000000000000000000e+00
4.450053821231371165e-01 -6.251852036293616965e-01 1.169141530990600586e-01 1.000000000000000000e+00
5.232624071061341420e-01 -6.283861514066426679e-01 6.955927610397338867e-02 1.000000000000000000e+00
-7.502967220512376523e-01 -2.732966030155581372e-02 1.706682592630386353e-01 1.000000000000000000e+00
-7.068506126412983370e-01 -5.282812432901007327e-02 2.070397436618804932e-01 1.000000000000000000e+00
-6.523652320819914863e-01 -8.890123264784766111e-02 2.574938237667083740e-01 1.000000000000000000e+00
-5.973562612236339442e-01 -1.247489817676975254e-01 2.956583201885223389e-01 1.000000000000000000e+00
-5.422352640419343395e-01 -1.621498422551737595e-01 3.267644047737121582e-01 1.000000000000000000e+00
-4.840309825472839389e-01 -1.940731191860681215e-01 3.330216705799102783e-01 1.000000000000000000e+00
-4.196922061784486568e-01 -2.168141783332577788e-01 3.191448152065277100e-01 1.000000000000000000e+00
-3.582986305101303892e-01 -2.367692675736045860e-01 3.016138970851898193e-01 1.000000000000000000e+00
-2.922230351977218032e-01 -2.458103566350705038e-01 2.788504064083099365e-01 1.000000000000000000e+00
-2.293139062721563370e-01 -2.675401179573094756e-01 2.754440009593963623e-01 1.000000000000000000e+00
-1.698507300226219097e-01 -3.103706304978987029e-01 2.903212308883666992e-01 1.000000000000000000e+00
-1.051972484043118411e-01 -3.540096091549799762e-01 3.003605604171752930e-01 1.000000000000000000e+00
-3.603707276336068355e-02 -3.888125589736690091e-01 2.957132756710052490e-01 1.000000000000000000e+00
3.185838132089979791e-02 -4.144243137299205015e-01 2.777565717697143555e-01 1.000000000000000000e+00
1.051290231932850150e-01 -4.359536509824220030e-01 2.604687809944152832e-01 1.000000000000000000e+00
1.793197939889358272e-01 -4.597757978673403523e-01 2.467073202133178711e-01 1.000000000000000000e+00
2.536108953574668368e-01 -4.829175049564745636e-01 2.207196950912475586e-01 1.000000000000000000e+00
3.216651376934920870e-01 -5.016319068804940828e-01 1.855515837669372559e-01 1.000000000000000000e+00
3.897169829275082820e-01 -5.211554808807181693e-01 1.418542116880416870e-01 1.000000000000000000e+00
4.615337666263322203e-01 -5.392802404915362224e-01 9.782038629055023193e-02 1.000000000000000000e+00
5.337304501638322485e-01 -5.365118076249407730e-01 4.784789681434631348e-02 1.000000000000000000e+00
-6.965726189431589166e-01 2.494787867193204445e-02 1.820487529039382935e-01 1.000000000000000000e+00
-6.579765370521863943e-01 -6.697555696866308583e-03 2.289293259382247925e-01 1.000000000000000000e+00
-6.089232952100547269e-01 -4.142601096081233170e-02 2.903369665145874023e-01 1.000000000000000000e+00
-5.571907149878128074e-01 -7.890768803030825951e-02 3.318614661693572998e-01 1.000000000000000000e+00
-5.066880851722399548e-01 -1.168855388738987144e-01 3.632161617279052734e-01 1.000000000000000000e+00
-4.545902287506661255e-01 -1.490054097796720822e-01 3.777374029159545898e-01 1.000000000000000000e+00
-3.946795372636430210e-01 -1.759270042939452550e-01 3.723086416721343994e-01 1.000000000000000000e+00
-3.297139529637537758e-01 -2.005388356059879529e-01 3.629971742630004883e-01 1.000000000000000000e+00
-2.681719202899118804e-01 -2.225870795889994813e-01 3.551583588123321533e-01 1.000000000000000000e+00
-2.069342826927279000e-01 -2.471628173936487038e-01 3.437918424606323242e-01 1.000000000000000000e+00
-1.454323790870244992e-01 -2.715401752507131672e-01 3.364115655422210693e-01 1.000000000000000000e+00
-7.967581434441911581e-02 -2.958107119202267876e-01 3.207477331161499023e-01 1.000000000000000000e+00
-1.398723246846181323e-02 -3.176404613722018100e-01 2.938732206821441650e-01 1.000000000000000000e+00
5.506299258143651509e-02 -3.294786154983810889e-01 2.613218724727630615e-01 1.000000000000000000e+00
1.304840614952567091e-01 -3.424243993401387409e-01 2.394092381000518799e-01 1.000000000000000000e+00
2.044576021653263243e-01 -3.592477301233911180e-01 2.225181460380554199e-01 1.000000000000000000e+00
2.673625216743967248e-01 -3.851683053753941488e-01 1.927828192710876465e-01 1.000000000000000000e+00
3.295461084079153169e-01 -4.076423958474036935e-01 1.534356474876403809e-01 1.000000000000000000e+00
3.946889136203478032e-01 -4.272803366381511259e-01 1.130859255790710449e-01 1.000000000000000000e+00
4.679588179228841294e-01 -4.413692167685090983e-01 7.331579923629760742e-02 1.000000000000000000e+00
5.305704072201198329e-01 -4.411392622459446300e-01 4.402283579111099243e-02 1.000000000000000000e+00
-6.385257243175603836e-01 6.560633230108814384e-02 1.806411296129226685e-01 1.000000000000000000e+00
-6.063553088037101357e-01 3.573136059768688977e-02 2.346127331256866455e-01 1.000000000000000000e+00
-5.704410519569101945e-01 7.586959567567164164e-03 3.088361024856567383e-01 1.000000000000000000e+00
-5.199924754745526290e-01 -2.885769429431819799e-02 3.634743988513946533e-01 1.000000000000000000e+00
-4.710019059961565446e-01 -6.887081645249970574e-02 3.961367309093475342e-01 1.000000000000000000e+00
-4.170295263402122865e-01 -1.022170763562430806e-01 4.151702821254730225e-01 1.000000000000000000e+00
-3.609898437648086378e-01 -1.316020804089930718e-01 4.211356341838836670e-01 1.000000000000000000e+00
-2.987610018527014910e-01 -1.598614475051383654e-01 4.184056818485260010e-01 1.000000000000000000e+00
-2.347570980003534369e-01 -1.790589945587064136e-01 4.077296257019042969e-01 1.000000000000000000e+00
-1.768783745686693665e-01 -1.918295054625754892e-01 3.854292333126068115e-01 1.000000000000000000e+00
-1.156609885321948361e-01 -2.136497244584309452e-01 3.665989041328430176e-01 1.000000000000000000e+00
-5.371450416333033162e-02 -2.315077814460500538e-01 3.352031707763671875e-01 1.000000000000000000e+00
1.120514007168209314e-02 -2.329423442655274568e-01 2.943415045738220215e-01 1.000000000000000000e+00
8.077921357007837588e-02 -2.329921460353991391e-01 2.466849535703659058e-01 1.000000000000000000e+00
1.479786335246057183e-01 -2.468373225509550295e-01 2.138235569000244141e-01 1.000000000000000000e+00
2.163132788437739651e-01 -2.708083637149502620e-01 1.953179836273193359e-01 1.000000000000000000e+00
2.746934957720880144e-01 -3.001590878918817262e-01 1.728577762842178345e-01 1.000000000000000000e+00
3.344600661106281181e-01 -3.206068211077602315e-01 1.416695713996887207e-01 1.000000000000000000e+00
4.014499543248725710e-01 -3.355343063025626460e-01 1.066762953996658325e-01 1.000000000000000000e+00
4.744861438157038092e-01 -3.562162706290404324e-01 7.417607307434082031e-02 1.000000000000000000e+00
5.311975207158255996e-01 -3.541180213860619652e-01 4.244962334632873535e-02 1.000000000000000000e+00
-5.833388516116382316e-01 1.089994209756008081e-01 1.851659119129180908e-01 1.000000000000000000e+00
-5.551738618460209107e-01 7.754010708982650435e-02 2.365553379058837891e-01 1.000000000000000000e+00
-5.209862349421666705e-01 5.178050118899876764e-02 3.115742206573486328e-01 1.000000000000000000e+00
-4.797870161731916383e-01 2.077213750886677812e-02 3.747632205486297607e-01 1.000000000000000000e+00
-4.338464033872864722e-01 -1.632867956406044985e-02 4.199404418468475342e-01 1.000000000000000000e+00
-3.766862046973722400e-01 -4.748271328935818603e-02 4.404252171516418457e-01 1.000000000000000000e+00
-3.218682538931780801e-01 -7.620906746700419065e-02 4.477309882640838623e-01 1.000000000000000000e+00
-2.635792888431571779e-01 -1.023282281324784104e-01 4.534370899200439453e-01 1.000000000000000000e+00
-2.068151862355482595e-01 -1.201468304015352456e-01 4.423476755619049072e-01 1.000000000000000000e+00
-1.491131898080264584e-01 -1.395597215092136412e-01 4.237341284751892090e-01 1.000000000000000000e+00
-8.835794923382991883e-02 -1.550694561965709206e-01 3.985418677330017090e-01 1.000000000000000000e+00
-2.580115215674735896e-02 -1.584527312405101807e-01 3.543515205383300781e-01 1.000000000000000000e+00
3.521104194775188240e-02 -1.526959195441874584e-01 3.076658546924591064e-01 1.000000000000000000e+00
9.504640647977387335e-02 -1.511963873577304718e-01 2.527869045734405518e-01 1.000000000000000000e+00
1.603797154474756459e-01 -1.617043513835025037e-01 2.161040008068084717e-01 1.000000000000000000e+00
2.320624748022129258e-01 -1.887432089670450508e-01 1.946750432252883911e-01 1.000000000000000000e+00
3.039853039231572573e-01 -2.224177915035992492e-01 1.734653264284133911e-01 1.000000000000000000e+00
3.630697169818364323e-01 -2.448360268646197768e-01 1.427809447050094604e-01 1.000000000000000000e+00
4.259578198983510200e-01 -2.596602219875230877e-01 1.131547093391418457e-01 1.000000000000000000e+00
4.869080107203346275e-01 -2.774639464190555849e-01 8.011126518249511719e-02 1.000000000000000000e+00
5.429357341274734239e-01 -2.722832768735207187e-01 4.364266991615295410e-02 1.000000000000000000e+00
-5.308617262370270984e-01 1.520196364813376222e-01 1.987108886241912842e-01 1.000000000000000000e+00
-5.040060704672492120e-01 1.193356194715337604e-01 2.544452250003814697e-01 1.000000000000000000e+00
-4.682358083283866268e-01 9.627183136858399881e-02 3.218466341495513916e-01 1.000000000000000000e+00
-4.358759848773285928e-01 6.677129226735356582e-02 3.805156052112579346e-01 1.000000000000000000e+00
-3.934287136302488941e-01 3.420829993304874694e-02 4.256801307201385498e-01 1.000000000000000000e+00
-3.386729188908962351e-01 3.220820016353931337e-03 4.473541378974914551e-01 1.000000000000000000e+00
-2.876379849153429813e-01 -2.411820742228323877e-02 4.575298726558685303e-01 1.000000000000000000e+00
-2.323467671492200071e-01 -4.471985039221139380e-02 4.584940075874328613e-01 1.000000000000000000e+00
-1.777405094283839859e-01 -5.854414314433016575e-02 4.516106545925140381e-01 1.000000000000000000e+00
-1.224810282391897570e-01 -7.475716121936447356e-02 4.409562945365905762e-01 1.000000000000000000e+00
-6.014648203101727320e-02 -8.473392085448436251e-02 4.154992401599884033e-01 1.000000000000000000e+00
1.461204896092395400e-03 -9.417020510936874311e-02 3.713214099407196045e-01 1.000000000000000000e+00
6.791116300495392277e-02 -9.894202519965658582e-02 3.372893035411834717e-01 1.000000000000000000e+00
1.308161878811456014e-01 -1.014720162220685146e-01 3.076466321945190430e-01 1.000000000000000000e+00
1.965712682644299991e-01 -1.093719042860280544e-01 2.777426838874816895e-01 1.000000000000000000e+00
2.628806942923770373e-01 -1.218926793074018994e-01 2.513397037982940674e-01 1.000000000000000000e+00
3.318268060897412997e-01 -1.515567481808546280e-01 2.101105600595474243e-01 1.000000000000000000e+00
3.955269417998031889e-01 -1.775279101877828003e-01 1.658855080604553223e-01 1.000000000000000000e+00
4.508956570836255007e-01 -1.921541520999426045e-01 1.253742575645446777e-01 1.000000000000000000e+00
5.041898201900446574e-01 -2.005427447261871610e-01 8.320485055446624756e-02 1.000000000000000000e+00
5.527649376459565778e-01 -1.914509635426747125e-01 4.428990930318832397e-02 1.000000000000000000e+00
-4.807615566778848382e-01 1.912935450634865586e-01 1.952402442693710327e-01 1.000000000000000000e+00
-4.526360163624737476e-01 1.602964978121797779e-01 2.609578371047973633e-01 1.000000000000000000e+00
-4.163589805171161728e-01 1.372091074740639516e-01 3.226830661296844482e-01 1.000000000000000000e+00
-3.842975356800909514e-01 1.104987108176788968e-01 3.782052397727966309e-01 1.000000000000000000e+00
-3.479823990836795611e-01 8.098569624928919630e-02 4.201901555061340332e-01 1.000000000000000000e+00
-3.019289275741743328e-01 5.569930462682959327e-02 4.408889412879943848e-01 1.000000000000000000e+00
-2.543317750543970246e-01 2.940399120800409050e-02 4.479245841503143311e-01 1.000000000000000000e+00
-2.016880853344708013e-01 1.240717872792480858e-02 4.451283812522888184e-01 1.000000000000000000e+00
-1.492002968071863556e-01 -7.926030963837787935e-04 4.344682395458221436e-01 1.000000000000000000e+00
-8.976352555824401724e-02 -9.304412034249878727e-03 4.188086390495300293e-01 1.000000000000000000e+00
-2.444219156387540670e-02 -1.805981000017371080e-02 4.027635753154754639e-01 1.000000000000000000e+00
3.455256987966500576e-02 -2.776121900561585865e-02 3.754455447196960449e-01 1.000000000000000000e+00
1.003591484434736419e-01 -4.192941291942629822e-02 3.614591062068939209e-01 1.000000000000000000e+00
1.711065217157843876e-01 -5.610246030626057923e-02 3.469940125942230225e-01 1.000000000000000000e+00
2.432318019064618198e-01 -7.531077061126710548e-02 3.296026885509490967e-01 1.000000000000000000e+00
3.116311110279579299e-01 -9.000576457006030651e-02 3.027513027191162109e-01 1.000000000000000000e+00
3.780983980770025177e-01 -1.088079583795280025e-01 2.599404752254486084e-01 1.000000000000000000e+00
4.275942029019228485e-01 -1.241010477288271852e-01 2.123991549015045166e-01 1.000000000000000000e+00
4.684507256456558744e-01 -1.239356213484218983e-01 1.582428812980651855e-01 0.000000000000000000e+00
5.188401806362648028e-01 -1.138710909012780603e-01 9.769894182682037354e-02 0.000000000000000000e+00
5.535525568775039318e-01 -9.741597079168501372e-02 4.808786511421203613e-02 0.000000000000000000e+00
-4.365685629654839084e-01 2.364667058848567982e-01 1.871904134750366211e-01 1.000000000000000000e+00
-4.023231843424576182e-01 2.039541738649316704e-01 2.503985762596130371e-01 1.000000000000000000e+00
-3.690433162618309559e-01 1.763988593364487767e-01 3.165595531463623047e-01 1.000000000000000000e+00
-3.342529262039981575e-01 1.514919474012691447e-01 3.718265891075134277e-01 1.000000000000000000e+00
-3.040914929079804874e-01 1.318218130037044356e-01 4.057168960571289062e-01 1.000000000000000000e+00
-2.678961376550370588e-01 1.152455207046425983e-01 4.222141206264495850e-01 1.000000000000000000e+00
-2.240420941667167765e-01 9.497269164172822409e-02 4.284380972385406494e-01 1.000000000000000000e+00
-1.752762358795126874e-01 7.506763597891991102e-02 4.237389564514160156e-01 1.000000000000000000e+00
-1.172930514837943611e-01 5.855285173690365219e-02 4.103116095066070557e-01 1.000000000000000000e+00
-5.339974227902793275e-02 4.835912407691674020e-02 4.006943702697753906e-01 1.000000000000000000e+00
7.465281615916353336e-03 3.902747595890574545e-02 3.938769102096557617e-01 1.000000000000000000e+00
7.168411332224569610e-02 2.877298439716726233e-02 3.837873935699462891e-01 1.000000000000000000e+00
1.397711195646321181e-01 1.222748563929869359e-02 3.735510408878326416e-01 1.000000000000000000e+00
2.112769464493206850e-01 -1.014251265360106846e-02 3.647492825984954834e-01 1.000000000000000000e+00
2.887328125256862221e-01 -3.083011412106720361e-02 3.489072322845458984e-01 1.000000000000000000e+00
3.602210747112578604e-01 -5.403052123346499536e-02 3.253185451030731201e-01 1.000000000000000000e+00
4.291299181578264177e-01 -7.365265037057572295e-02 2.946724891662597656e-01 1.000000000000000000e+00
4.837465650768203451e-01 -9.043740098237246228e-02 2.503312230110168457e-01 1.000000000000000000e+00
5.142353424085099878e-01 -8.627700127216508807e-02 1.980259269475936890e-01 1.000000000000000000e+00
5.473476135460330072e-01 -5.763044161546235222e-02 1.391124427318572998e-01 0.000000000000000000e+00
5.751420271461182843e-01 -1.210990646866527687e-02 8.660280704498291016e-02 0.000000000000000000e+00
-3.868658434561554338e-01 2.812178450437314847e-01 1.748671829700469971e-01 1.000000000000000000e+00
-3.598792795749027329e-01 2.475513007014416289e-01 2.344498634338378906e-01 1.000000000000000000e+00
-3.251674933895427611e-01 2.298258324308817546e-01 2.891312241554260254e-01 1.000000000000000000e+00
-2.885493262206940690e-01 2.124631589639476015e-01 3.402433693408966064e-01 1.000000000000000000e+00
-2.624012896956338103e-01 1.952541423699720169e-01 3.744480907917022705e-01 1.000000000000000000e+00
-2.294935888240705324e-01 1.772222349006015440e-01 3.932143449783325195e-01 1.000000000000000000e+00
-1.866582781281961034e-01 1.598959328468432806e-01 4.002138674259185791e-01 1.000000000000000000e+00
-1.375197099912540966e-01 1.383291586561520015e-01 3.958588540554046631e-01 1.000000000000000000e+00
-8.333888255928706412e-02 1.208322738184909456e-01 3.884312808513641357e-01 1.000000000000000000e+00
-2.273342003089710850e-02 1.068087331571259402e-01 3.813330829143524170e-01 1.000000000000000000e+00
3.857864363240107869e-02 9.682634691772987190e-02 3.789520561695098877e-01 1.000000000000000000e+00
1.049124147337192198e-01 8.493633636281400223e-02 3.760216236114501953e-01 1.000000000000000000e+00
1.755691459399512377e-01 6.511382530281428771e-02 3.766516447067260742e-01 1.000000000000000000e+00
2.497849941104660354e-01 4.211457456164686974e-02 3.737556636333465576e-01 1.000000000000000000e+00
3.312922049265170088e-01 2.403451431785272319e-02 3.650707602500915527e-01 1.000000000000000000e+00
4.089326215157995659e-01 -6.878576411220360676e-03 3.456495106220245361e-01 1.000000000000000000e+00
4.776335440219517947e-01 -2.936252924578147683e-02 3.172543346881866455e-01 1.000000000000000000e+00
5.353694791992369417e-01 -4.949019929406825447e-02 2.762660086154937744e-01 1.000000000000000000e+00
5.708151684577171814e-01 -4.295311772290727470e-02 2.260290831327438354e-01 1.000000000000000000e+00
6.014117363544734252e-01 -1.529351081778418386e-02 1.658725440502166748e-01 0.000000000000000000e+00
6.410906550773878276e-01 5.391930623695861957e-03 1.339576095342636108e-01 0.000000000000000000e+00
-3.356479908409758517e-01 3.208148000000932698e-01 1.580530703067779541e-01 0.000000000000000000e+00
-3.186329998982982414e-01 3.036578005197142494e-01 2.084755450487136841e-01 0.000000000000000000e+00
-2.874615121093608838e-01 2.973051061424323849e-01 2.554689943790435791e-01 1.000000000000000000e+00
-2.562045505116434252e-01 2.853081901062686776e-01 3.013029396533966064e-01 1.000000000000000000e+00
-2.286488671982360166e-01 2.616975150337537137e-01 3.404852449893951416e-01 1.000000000000000000e+00
-1.976105897923734200e-01 2.390477881072871347e-01 3.616250157356262207e-01 1.000000000000000000e+00
-1.564121494230067966e-01 2.271032671892675159e-01 3.691656589508056641e-01 1.000000000000000000e+00
-1.078052743167418337e-01 2.126452860330753369e-01 3.712641596794128418e-01 1.000000000000000000e+00
-5.371537871043703671e-02 1.932268210046813595e-01 3.663778305053710938e-01 1.000000000000000000e+00
3.061346878300869045e-03 1.739999028660572655e-01 3.595565259456634521e-01 1.000000000000000000e+00
6.381832600999848282e-02 1.534677284391871566e-01 3.619832098484039307e-01 1.000000000000000000e+00
1.352525401307109465e-01 1.349990163002058596e-01 3.671143352985382080e-01 1.000000000000000000e+00
2.093525002728889861e-01 1.145553239134283197e-01 3.729156255722045898e-01 1.000000000000000000e+00
2.900918060457835512e-01 9.161036884985507278e-02 3.765303790569305420e-01 1.000000000000000000e+00
3.707638875953032653e-01 7.007874513082190671e-02 3.769116699695587158e-01 1.000000000000000000e+00
4.552870531338089055e-01 4.335555690591383349e-02 3.610919415950775146e-01 1.000000000000000000e+00
5.336639859008194264e-01 1.643111747936620848e-02 3.394312560558319092e-01 1.000000000000000000e+00
5.963859143303675836e-01 -8.695400609979420103e-03 3.060302138328552246e-01 1.000000000000000000e+00
6.376440122467124105e-01 -2.179232305049716434e-02 2.532280087471008301e-01 1.000000000000000000e+00
6.752535839280147112e-01 -2.182089861378760931e-02 1.958675980567932129e-01 1.000000000000000000e+00
7.275170880009483865e-01 -2.536437382891670866e-02 1.493070870637893677e-01 1.000000000000000000e+00
-3.012105292729501671e-01 3.807232037034956607e-01 1.386402547359466553e-01 0.000000000000000000e+00
-2.925064200703970108e-01 3.764575475074883881e-01 1.857812106609344482e-01 0.000000000000000000e+00
-2.692704199444317936e-01 3.724445142530993791e-01 2.238038182258605957e-01 1.000000000000000000e+00
-2.373076935633312567e-01 3.521413552643253841e-01 2.686675786972045898e-01 1.000000000000000000e+00
-2.086435270606630810e-01 3.282097951606727237e-01 3.050311803817749023e-01 1.000000000000000000e+00
-1.758062430362493656e-01 3.056445410553341180e-01 3.278519511222839355e-01 1.000000000000000000e+00
-1.409938523234938734e-01 2.919014863537200410e-01 3.350561559200286865e-01 1.000000000000000000e+00
-9.511955760372063640e-02 2.797521304348484783e-01 3.434063196182250977e-01 1.000000000000000000e+00
-3.846975724927327589e-02 2.634922872111185588e-01 3.437545001506805420e-01 1.000000000000000000e+00
1.950834318284343227e-02 2.424751816819942507e-01 3.408036231994628906e-01 1.000000000000000000e+00
8.712312032944560802e-02 2.158970207628121418e-01 3.421382009983062744e-01 1.000000000000000000e+00
1.707102359726606622e-01 1.936351080629185872e-01 3.567781448364257812e-01 1.000000000000000000e+00
2.479190530281235039e-01 1.732975625141157383e-01 3.708228170871734619e-01 1.000000000000000000e+00
3.274054120201301821e-01 1.470472250510074241e-01 3.760424256324768066e-01 1.000000000000000000e+00
4.154310017433153757e-01 1.192170709233849324e-01 3.769664168357849121e-01 1.000000000000000000e+00
5.009458088702973821e-01 8.733324344269682848e-02 3.685563504695892334e-01 1.000000000000000000e+00
5.780390118519388443e-01 6.272264492597307006e-02 3.558642268180847168e-01 1.000000000000000000e+00
6.518922390745780504e-01 3.975748044853882890e-02 3.262163996696472168e-01 1.000000000000000000e+00
7.053343797661189019e-01 1.282541244241075518e-02 2.755887508392333984e-01 1.000000000000000000e+00
7.513219862881136413e-01 -8.079845887477787869e-03 2.159978002309799194e-01 1.000000000000000000e+00
8.116841969632340170e-01 -2.870929524071103023e-02 1.613750457763671875e-01 1.000000000000000000e+00
-2.790224736567158970e-01 4.506926357143484219e-01 1.187956035137176514e-01 0.000000000000000000e+00
-2.685204167751804594e-01 4.408660031536243418e-01 1.581962853670120239e-01 0.000000000000000000e+00
-2.496987300482764460e-01 4.325677101503144217e-01 1.953052878379821777e-01 1.000000000000000000e+00
-2.228785724616569319e-01 4.142496887998277089e-01 2.410214841365814209e-01 1.000000000000000000e+00
-1.930832372285169740e-01 3.883875817634214189e-01 2.834979891777038574e-01 1.000000000000000000e+00
-1.675076760784241503e-01 3.647046880659831070e-01 2.917470037937164307e-01 1.000000000000000000e+00
-1.324259459302597475e-01 3.526118721443888826e-01 3.051224648952484131e-01 1.000000000000000000e+00
-8.169514361356111642e-02 3.346306673337769988e-01 3.140757381916046143e-01 1.000000000000000000e+00
-2.164413473113310782e-02 3.170456007523190234e-01 3.196129202842712402e-01 1.000000000000000000e+00
4.132329909099108356e-02 2.983051310024955605e-01 3.217386305332183838e-01 1.000000000000000000e+00
1.163325406112992039e-01 2.752446408904418162e-01 3.268132805824279785e-01 1.000000000000000000e+00
2.025651296418460590e-01 2.564367256462887767e-01 3.421296775341033936e-01 1.000000000000000000e+00
2.886730588312098056e-01 2.390579573515795586e-01 3.629709184169769287e-01 1.000000000000000000e+00
3.659525930301178454e-01 2.140226450424114746e-01 3.750534653663635254e-01 1.000000000000000000e+00
4.508140713216204354e-01 1.793466415314372842e-01 3.745211958885192871e-01 1.000000000000000000e+00
5.361839248998614416e-01 1.463160509863283276e-01 3.672852814197540283e-01 1.000000000000000000e+00
6.135792997119017267e-01 1.111262352451578561e-01 3.496652841567993164e-01 1.000000000000000000e+00
6.943140746985814182e-01 8.201898946080676822e-02 3.280746042728424072e-01 1.000000000000000000e+00
7.621481208245615147e-01 6.027724262852252046e-02 2.861514985561370850e-01 1.000000000000000000e+00
8.148457585105817191e-01 3.184700167180193331e-02 2.225173860788345337e-01 1.000000000000000000e+00
8.823454115404762987e-01 -1.229453073856717760e-02 1.694275438785552979e-01 1.000000000000000000e+00
-2.656611218886407721e-01 5.028183828129242361e-01 9.234422445297241211e-02 0.000000000000000000e+00
-2.498034860402502944e-01 5.016446457654565316e-01 1.351162046194076538e-01 0.000000000000000000e+00
-2.331529520675365563e-01 4.821257658704853899e-01 1.735626161098480225e-01 1.000000000000000000e+00
-2.068441200470511054e-01 4.661607187786648288e-01 2.252240329980850220e-01 1.000000000000000000e+00
-1.778471831019652061e-01 4.452038621694868192e-01 2.559208869934082031e-01 1.000000000000000000e+00
-1.507906659888965106e-01 4.278314475121905991e-01 2.713536918163299561e-01 1.000000000000000000e+00
-1.105543130475770963e-01 4.121122956712948149e-01 2.871336042881011963e-01 1.000000000000000000e+00
-6.289944041876407987e-02 3.965079518457426677e-01 3.000880181789398193e-01 1.000000000000000000e+00
-2.196609450690861776e-03 3.813604482479122648e-01 3.053368330001831055e-01 1.000000000000000000e+00
6.314151084318622709e-02 3.581784909184501098e-01 3.068004846572875977e-01 1.000000000000000000e+00
1.445888415242153335e-01 3.319783029367137650e-01 3.128276765346527100e-01 1.000000000000000000e+00
2.336816632086812506e-01 3.158090122170094660e-01 3.290460705757141113e-01 1.000000000000000000e+00
3.199090629085051818e-01 3.039655739296981962e-01 3.485346436500549316e-01 1.000000000000000000e+00
4.036367435598601783e-01 2.765252623457332692e-01 3.619616329669952393e-01 1.000000000000000000e+00
4.870190571294485959e-01 2.420700872475319287e-01 3.632186651229858398e-01 1.000000000000000000e+00
5.687706037630293476e-01 2.042844471065754230e-01 3.551148474216461182e-01 1.000000000000000000e+00
6.445479610607364185e-01 1.716797083188205675e-01 3.392107784748077393e-01 1.000000000000000000e+00
7.224020410985450003e-01 1.364473874809268295e-01 3.138536512851715088e-01 1.000000000000000000e+00
7.951236465120908870e-01 1.038977135507514471e-01 2.774753272533416748e-01 1.000000000000000000e+00
8.645791240471336625e-01 6.376927761504413983e-02 2.238468229770660400e-01 1.000000000000000000e+00
9.220831461904877013e-01 3.484815231371718447e-02 1.629740148782730103e-01 1.000000000000000000e+00
-2.447046340643872775e-01 5.672739586356954078e-01 8.003136515617370605e-02 0.000000000000000000e+00
-2.268889083177413057e-01 5.516984221811004341e-01 1.125436574220657349e-01 0.000000000000000000e+00
-2.150188384905271366e-01 5.317483800258628879e-01 1.492374092340469360e-01 1.000000000000000000e+00
-1.925385524317864694e-01 5.129062942242795797e-01 1.973189711570739746e-01 1.000000000000000000e+00
-1.669516010958835561e-01 4.909920614144644424e-01 2.293797582387924194e-01 1.000000000000000000e+00
-1.397705716556016109e-01 4.746906930082391840e-01 2.493008971214294434e-01 1.000000000000000000e+00
-9.642029364246390566e-02 4.620634655842389416e-01 2.654656767845153809e-01 1.000000000000000000e+00
-4.202778366385087616e-02 4.501991909486950938e-01 2.754421234130859375e-01 1.000000000000000000e+00
2.174414920264927664e-02 4.337378541789466690e-01 2.839629054069519043e-01 1.000000000000000000e+00
9.247567525991992610e-02 4.126760097701280272e-01 2.901070415973663330e-01 1.000000000000000000e+00
1.720566802686138985e-01 3.860611178724686621e-01 2.983751296997070312e-01 1.000000000000000000e+00
2.620199397419510356e-01 3.735716474228263362e-01 3.135915994644165039e-01 1.000000000000000000e+00
3.536124752065298860e-01 3.586177611786989239e-01 3.278111219406127930e-01 1.000000000000000000e+00
4.453830284225066549e-01 3.253722375112526599e-01 3.373957574367523193e-01 1.000000000000000000e+00
5.267181220459512536e-01 2.953052447660357571e-01 3.419712781906127930e-01 1.000000000000000000e+00
6.070383827775261976e-01 2.581055933333505359e-01 3.365501463413238525e-01 1.000000000000000000e+00
6.849496771621883529e-01 2.273951446519177910e-01 3.210044801235198975e-01 1.000000000000000000e+00
7.556369806386589172e-01 1.959634158784939184e-01 2.991146743297576904e-01 1.000000000000000000e+00
8.253809954986073283e-01 1.589588200607170432e-01 2.588471174240112305e-01 1.000000000000000000e+00
8.947853067595576970e-01 1.177466200624006087e-01 2.119192928075790405e-01 1.000000000000000000e+00
9.438747105977117746e-01 9.296338805417625473e-02 1.611136496067047119e-01 1.000000000000000000e+00
-1.804379709533541210e-01 6.253527057420560364e-01 6.914389133453369141e-02 0.000000000000000000e+00
-1.834489628843966602e-01 5.968827413806140347e-01 1.016539782285690308e-01 0.000000000000000000e+00
-1.875255325129158435e-01 5.764281593018524275e-01 1.326034814119338989e-01 1.000000000000000000e+00
-1.772394044730138396e-01 5.517553309633023151e-01 1.657333523035049438e-01 1.000000000000000000e+00
-1.566048132042622554e-01 5.375442565823990160e-01 1.908430904150009155e-01 1.000000000000000000e+00
-1.278957919180663538e-01 5.277814659604568304e-01 2.148849368095397949e-01 1.000000000000000000e+00
-7.650938483606858909e-02 5.129255026504884185e-01 2.265529930591583252e-01 1.000000000000000000e+00
-1.799484985281737948e-02 4.939244810831705523e-01 2.329697012901306152e-01 1.000000000000000000e+00
4.826104967752081754e-02 4.709526363302474206e-01 2.440709918737411499e-01 1.000000000000000000e+00
1.242131161990176202e-01 4.542485021029398773e-01 2.620967030525207520e-01 1.000000000000000000e+00
2.046001586120581583e-01 4.319044557320106947e-01 2.764024138450622559e-01 1.000000000000000000e+00
2.973492510149804979e-01 4.166814987386336933e-01 2.958850562572479248e-01 1.000000000000000000e+00
3.912904564913213812e-01 3.955291650460621700e-01 3.094010651111602783e-01 1.000000000000000000e+00
4.836596530068347222e-01 3.652108348381066238e-01 3.107071220874786377e-01 1.000000000000000000e+00
5.665598224345267386e-01 3.353926823548540881e-01 3.103959560394287109e-01 1.000000000000000000e+00
6.449872681994776036e-01 3.115389990905375051e-01 3.051722943782806396e-01 1.000000000000000000e+00
7.213542704445641274e-01 2.880670503698962159e-01 2.951229214668273926e-01 1.000000000000000000e+00
7.910430729329631649e-01 2.635345499634630384e-01 2.752927839756011963e-01 1.000000000000000000e+00
8.629264196764758754e-01 2.202733809247895413e-01 2.383906543254852295e-01 1.000000000000000000e+00
9.317849292492104141e-01 1.798672815510924394e-01 1.904999017715454102e-01 1.000000000000000000e+00
9.801086512904669812e-01 1.554336576512658774e-01 1.396959573030471802e-01 1.000000000000000000e+00
-9.679257675536062644e-02 6.798872716735750998e-01 6.282268464565277100e-02 0.000000000000000000e+00
-1.199521014247028616e-01 6.576879365070080752e-01 1.001926064491271973e-01 0.000000000000000000e+00
-1.489516409376843431e-01 6.297961004665898477e-01 1.254663765430450439e-01 1.000000000000000000e+00
-1.479680810074098796e-01 6.084993189874594588e-01 1.437307149171829224e-01 1.000000000000000000e+00
-1.356053988148003819e-01 5.940689967006024252e-01 1.600423604249954224e-01 1.000000000000000000e+00
-1.058580477686901222e-01 5.888883271550675591e-01 1.742939054965972900e-01 1.000000000000000000e+00
-5.275598999778369214e-02 5.708563670021364889e-01 1.836661100387573242e-01 1.000000000000000000e+00
1.087009369944452741e-02 5.407713775526055144e-01 1.894465535879135132e-01 1.000000000000000000e+00
7.963524800272736570e-02 5.068880508949998864e-01 2.024017274379730225e-01 1.000000000000000000e+00
1.550776748320304432e-01 4.808631832663566863e-01 2.174650579690933228e-01 1.000000000000000000e+00
2.386239396423263104e-01 4.618917066398450233e-01 2.351263314485549927e-01 0.000000000000000000e+00
3.310218223566073759e-01 4.524393697040340889e-01 2.612678706645965576e-01 0.000000000000000000e+00
4.250142625956692677e-01 4.275824281261201842e-01 2.785926163196563721e-01 1.000000000000000000e+00
5.165303120669130221e-01 4.045339340608238854e-01 2.798990011215209961e-01 1.000000000000000000e+00
5.963371504266403722e-01 3.899464777860062181e-01 2.758200764656066895e-01 1.000000000000000000e+00
6.737188696597631310e-01 3.733438858534735560e-01 2.714871466159820557e-01 1.000000000000000000e+00
7.528589975596089445e-01 3.536644475391000908e-01 2.592698335647583008e-01 1.000000000000000000e+00
8.304592692756848082e-01 3.268908306099488348e-01 2.401342242956161499e-01 1.000000000000000000e+00
9.082142199257958737e-01 2.812074400405056851e-01 2.045890688896179199e-01 1.000000000000000000e+00
9.765168968603685773e-01 2.379466503234687336e-01 1.580399423837661743e-01 1.000000000000000000e+00
1.020493845827302515e+00 2.241924477804235760e-01 1.065356135368347168e-01 1.000000000000000000e+00
-4.350134285491308317e-02 7.296778726304049556e-01 4.375223442912101746e-02 1.000000000000000000e+00
-6.805666577981484000e-02 7.117667474921545168e-01 7.450541853904724121e-02 0.000000000000000000e+00
-9.971293188868052271e-02 6.852387413227003510e-01 1.057323068380355835e-01 0.000000000000000000e+00
-1.050558668009822783e-01 6.617957580236981663e-01 1.205586940050125122e-01 1.000000000000000000e+00
-8.604871286720605639e-02 6.372583053625648919e-01 1.302058100700378418e-01 1.000000000000000000e+00
-6.058805456286608937e-02 6.210206419178638804e-01 1.389829516410827637e-01 1.000000000000000000e+00
-1.283632847617505179e-02 6.053846036622315685e-01 1.499047130346298218e-01 1.000000000000000000e+00
4.513031854985882774e-02 5.770979780918118474e-01 1.594943851232528687e-01 1.000000000000000000e+00
1.127231582618110906e-01 5.430563057243508185e-01 1.682890504598617554e-01 1.000000000000000000e+00
1.868447871524797632e-01 5.125842290813836799e-01 1.777386963367462158e-01 1.000000000000000000e+00
2.633036695273200944e-01 4.933805338562891052e-01 1.998282968997955322e-01 1.000000000000000000e+00
3.515320172019790190e-01 4.815722618457040083e-01 2.211228758096694946e-01 1.000000000000000000e+00
4.402625919918498609e-01 4.695465068284467303e-01 2.401153743267059326e-01 1.000000000000000000e+00
5.266179337186847054e-01 4.590377064511496075e-01 2.404507994651794434e-01 1.000000000000000000e+00
6.067708503882471849e-01 4.532372253514135862e-01 2.349443435668945312e-01 1.000000000000000000e+00
6.901053114797076615e-01 4.389307884573984131e-01 2.306072562932968140e-01 1.000000000000000000e+00
7.715271749275240953e-01 4.238914758196954402e-01 2.192099541425704956e-01 1.000000000000000000e+00
8.560502877824689438e-01 4.024400259432420746e-01 2.009310126304626465e-01 1.000000000000000000e+00
9.371710436078114492e-01 3.654183606518183192e-01 1.643565595149993896e-01 1.000000000000000000e+00
1.010189152100631649e+00 3.237057511211320349e-01 1.194748431444168091e-01 1.000000000000000000e+00
1.037212446960361412e+00 3.379704362933411144e-01 8.050157129764556885e-02 1.000000000000000000e+00
