0 21
0 1
1 22
1 2
2 3
2 23
3 24
3 4
4 25
4 5
5 26
5 6
6 27
6 7
7 28
7 8
8 9
8 29
9 30
9 10
10 31
10 11
11 32
11 12
12 33
12 13
13 34
13 14
14 15
14 35
15 16
15 36
16 37
16 17
17 38
17 18
18 39
18 19
19 40
19 20
20 41
21 22
21 42
22 23
22 43
23 24
23 44
24 45
24 25
25 46
25 26
26 47
26 27
27 48
27 28
28 29
28 49
29 50
29 30
30 31
30 51
31 52
31 32
32 53
32 33
33 54
33 34
34 55
34 35
35 36
35 56
36 57
36 37
37 58
37 38
38 59
38 39
39 60
39 40
40 41
40 61
41 62
42 63
42 43
43 64
43 44
44 65
44 45
45 66
45 46
46 67
46 47
47 48
47 68
48 49
48 69
49 50
49 70
50 71
50 51
51 72
51 52
52 73
52 53
53 74
53 54
54 55
54 75
55 56
55 76
56 57
56 77
57 78
57 58
58 79
58 59
59 80
59 60
60 81
60 61
61 62
61 82
62 83
63 84
63 64
64 85
64 65
65 86
65 66
66 87
66 67
67 68
67 88
68 69
68 89
69 90
69 70
70 91
70 71
71 92
71 72
72 93
72 73
73 74
73 94
74 75
74 95
75 76
75 96
76 97
76 77
77 98
77 78
78 99
78 79
79 100
79 80
80 81
80 101
81 82
81 102
82 83
82 103
83 104
84 105
84 85
85 106
85 86
86 107
86 87
87 88
87 108
88 109
88 89
89 90
89 110
90 111
90 91
91 112
91 92
92 113
92 93
93 114
93 94
94 95
94 115
95 116
95 96
96 117
96 97
97 118
97 98
98 119
98 99
99 100
99 120
100 101
100 121
101 102
101 122
102 123
102 103
103 124
103 104
104 125
105 126
105 106
106 107
106 127
107 108
107 128
108 109
108 129
109 130
109 110
110 131
110 111
111 132
111 112
112 133
112 113
113 114
113 134
114 115
114 135
115 116
115 136
116 137
116 117
117 138
117 118
118 139
118 119
119 140
119 120
120 121
120 141
121 142
121 122
122 123
122 143
123 144
123 124
124 145
124 125
125 146
126 147
126 127
127 128
127 148
128 149
128 129
129 150
129 130
130 151
130 131
131 152
131 132
132 133
132 153
133 134
133 154
134 135
134 155
135 156
135 136
136 157
136 137
137 158
137 138
138 159
138 139
139 160
139 140
140 141
140 161
141 142
141 162
142 163
142 143
143 164
143 144
144 165
144 145
145 166
145 146
146 167
147 148
147 168
148 149
148 169
149 170
149 150
150 171
150 151
151 172
151 152
152 173
152 153
153 154
153 174
154 175
154 155
155 176
155 156
156 177
156 157
157 178
157 158
158 179
158 159
159 160
159 180
160 161
160 181
161 182
161 162
162 183
162 163
163 184
163 164
164 185
164 165
165 186
165 166
166 167
166 187
167 188
168 189
168 169
169 190
169 170
170 191
170 171
171 192
171 172
172 193
172 173
173 174
173 194
174 175
174 195
175 196
175 176
176 197
176 177
177 198
177 178
178 199
178 179
179 180
179 200
180 201
180 181
181 182
181 202
182 203
182 183
183 204
183 184
184 205
184 185
185 206
185 186
186 207
186 187
187 208
187 188
188 209
189 210
189 190
190 211
190 191
191 212
191 192
192 193
192 213
193 214
193 194
194 215
194 195
195 216
195 196
196 217
196 197
197 218
197 198
198 219
198 199
199 200
199 220
200 201
200 221
201 222
201 202
202 223
202 203
203 224
203 204
204 225
204 205
205 206
205 226
206 207
206 227
207 208
207 228
208 229
208 209
209 230
210 231
210 211
211 232
211 212
212 233
212 213
213 234
213 214
214 215
214 235
215 236
215 216
216 237
216 217
217 238
217 218
218 239
218 219
219 240
219 220
220 241
220 221
221 242
221 222
222 243
222 223
223 244
223 224
224 245
224 225
225 226
225 246
226 227
226 247
227 248
227 228
228 249
228 229
229 250
229 230
230 251
231 252
231 232
232 233
232 253
233 234
233 254
234 255
234 235
235 256
235 236
236 257
236 237
237 258
237 238
238 259
238 239
239 240
239 260
240 241
240 261
241 262
241 242
242 263
242 243
243 264
243 244
244 265
244 245
245 266
245 246
246 267
246 247
247 268
247 248
248 269
248 249
249 270
249 250
250 271
250 251
251 272
252 273
252 253
253 274
253 254
254 275
254 255
255 276
255 256
256 277
256 257
257 278
257 258
258 259
258 279
259 260
259 280
260 281
260 261
261 282
261 262
262 283
262 263
263 284
263 264
264 285
264 265
265 266
265 286
266 267
266 287
267 288
267 268
268 289
268 269
269 290
269 270
270 291
270 271
271 292
271 272
272 293
273 274
273 294
274 295
274 275
275 296
275 276
276 297
276 277
277 298
277 278
278 299
278 279
279 300
279 280
280 301
280 281
281 302
281 282
282 303
282 283
283 304
283 284
284 285
284 305
285 306
285 286
286 307
286 287
287 308
287 288
288 309
288 289
289 310
289 290
290 311
290 291
291 292
291 312
292 293
292 313
293 314
294 315
294 295
295 316
295 296
296 317
296 297
297 318
297 298
298 299
298 319
299 300
299 320
300 321
300 301
301 322
301 302
302 323
302 303
303 324
303 304
304 325
304 305
305 326
305 306
306 307
306 327
307 328
307 308
308 329
308 309
309 330
309 310
310 331
310 311
311 332
311 312
312 333
312 313
313 334
313 314
314 335
315 336
315 316
316 337
316 317
317 318
317 338
318 319
318 339
319 320
319 340
320 341
320 321
321 342
321 322
322 343
322 323
323 344
323 324
324 325
324 345
325 326
325 346
326 347
326 327
327 348
327 328
328 349
328 329
329 350
329 330
330 351
330 331
331 332
331 352
332 333
332 353
333 354
333 334
334 355
334 335
335 356
336 357
336 337
337 358
337 338
338 339
338 359
339 340
339 360
340 361
340 341
341 362
341 342
342 363
342 343
343 344
343 364
344 365
344 345
345 346
345 366
346 367
346 347
347 368
347 348
348 369
348 349
349 370
349 350
350 351
350 371
351 352
351 372
352 353
352 373
353 374
353 354
354 375
354 355
355 376
355 356
356 377
357 358
357 378
358 359
358 379
359 380
359 360
360 381
360 361
361 382
361 362
362 383
362 363
363 384
363 364
364 365
364 385
365 366
365 386
366 367
366 387
367 388
367 368
368 389
368 369
369 390
369 370
370 391
370 371
371 372
371 392
372 393
372 373
373 394
373 374
374 395
374 375
375 396
375 376
376 377
376 397
377 398
378 379
378 399
379 400
379 380
380 401
380 381
381 402
381 382
382 403
382 383
383 384
383 404
384 385
384 405
385 386
385 406
386 407
386 387
387 408
387 388
388 409
388 389
389 410
389 390
390 391
390 411
391 392
391 412
392 393
392 413
393 414
393 394
394 415
394 395
395 416
395 396
396 417
396 397
397 398
397 418
398 419
399 400
399 420
400 421
400 401
401 422
401 402
402 423
402 403
403 424
403 404
404 405
404 425
405 426
405 406
406 427
406 407
407 428
407 408
408 429
408 409
409 410
409 430
410 431
410 411
411 412
411 432
412 433
412 413
413 434
413 414
414 435
414 415
415 436
415 416
416 417
416 437
417 418
417 438
418 419
418 439
419 440
420 421
421 422
422 423
423 424
424 425
425 426
426 427
427 428
428 429
429 430
430 431
431 432
432 433
433 434
434 435
435 436
436 437
437 438
438 439
439 440
