-2.024571283425368184e-01 -8.293086813847618810e-01 2.007910013198852539e-01 1.000000000000000000e+00
-1.669293370231574314e-01 -7.972540011169226837e-01 2.084412425756454468e-01 1.000000000000000000e+00
-1.200265538325971382e-01 -7.631698447261626717e-01 2.276117354631423950e-01 1.000000000000000000e+00
-6.171516665916843003e-02 -7.179671389639862289e-01 2.487258017063140869e-01 1.000000000000000000e+00
1.335696849583123402e-03 -6.625745685639067295e-01 2.579438090324401855e-01 1.000000000000000000e+00
6.363581961923431285e-02 -6.026417499814153977e-01 2.516300380229949951e-01 1.000000000000000000e+00
1.295909381651745296e-01 -5.431695332328754233e-01 2.431207448244094849e-01 1.000000000000000000e+00
1.932371364458544960e-01 -4.731146959018713294e-01 2.324122786521911621e-01 1.000000000000000000e+00
2.462667648575949941e-01 -4.121997714553791714e-01 2.218354791402816772e-01 1.000000000000000000e+00
2.894592450699078889e-01 -3.707397374511065546e-01 2.093185633420944214e-01 0.000000000000000000e+00
3.321160283009352288e-01 -3.230220870914365383e-01 1.919431686401367188e-01 0.000000000000000000e+00
3.761146723581403339e-01 -2.699431152568019243e-01 1.763135343790054321e-01 0.000000000000000000e+00
4.334561657169241911e-01 -2.238522173458190601e-01 1.668617725372314453e-01 0.000000000000000000e+00
5.146363802088034234e-01 -1.874251281830505711e-01 1.609456688165664673e-01 0.000000000000000000e+00
6.016929612011624462e-01 -1.427727865054415068e-01 1.440399438142776489e-01 1.000000000000000000e+00
6.759605130180879051e-01 -9.140800075672983471e-02 1.150636374950408936e-01 1.000000000000000000e+00
7.296930244224446582e-01 -3.789026969238468157e-02 9.757487475872039795e-02 1.000000000000000000e+00
7.766694803042020201e-01 1.719287961935211939e-02 9.014745056629180908e-02 1.000000000000000000e+00
8.278980474385264632e-01 7.032125809715361608e-02 7.774901390075683594e-02 1.000000000000000000e+00
8.779532884571561446e-01 1.182551639365330143e-01 5.784232169389724731e-02 1.000000000000000000e+00
9.232242721139201080e-01 1.816147320372025198e-01 4.808339104056358337e-02 1.000000000000000000e+00
-2.168960696599142035e-01 -7.714962496774293577e-01 2.258358001708984375e-01 1.000000000000000000e+00
-1.754700165522535271e-01 -7.439294290593030379e-01 2.469489872455596924e-01 1.000000000000000000e+00
-1.239416799578953454e-01 -7.130737423379016615e-01 2.739579677581787109e-01 1.000000000000000000e+00
-5.900238475476471400e-02 -6.681951247673497685e-01 2.910665273666381836e-01 1.000000000000000000e+00
5.530109066538724250e-03 -6.138981195474624286e-01 2.910243868827819824e-01 1.000000000000000000e+00
7.424188438618248287e-02 -5.552491150440371781e-01 2.842537760734558105e-01 1.000000000000000000e+00
1.410441756606158614e-01 -4.984647924858551793e-01 2.777583003044128418e-01 1.000000000000000000e+00
2.025075254366439370e-01 -4.420325120165725097e-01 2.690709233283996582e-01 1.000000000000000000e+00
2.536833036432085131e-01 -3.839088258329870773e-01 2.601081132888793945e-01 1.000000000000000000e+00
3.029554456797936002e-01 -3.408625319647342056e-01 2.544382810592651367e-01 1.000000000000000000e+00
3.453093195105731428e-01 -3.038466407915563772e-01 2.453255504369735718e-01 1.000000000000000000e+00
3.930583060521109506e-01 -2.600802785532070338e-01 2.383539676666259766e-01 1.000000000000000000e+00
4.485645991861850201e-01 -2.181685357000188175e-01 2.348099648952484131e-01 1.000000000000000000e+00
5.072395345381566223e-01 -1.798985334392629865e-01 2.249002605676651001e-01 1.000000000000000000e+00
5.831922648725174074e-01 -1.315287659660082098e-01 1.998717039823532104e-01 1.000000000000000000e+00
6.445921309579758507e-01 -7.681760473922855104e-02 1.658568531274795532e-01 1.000000000000000000e+00
6.923472498659720697e-01 -1.909956089913622534e-02 1.485817730426788330e-01 1.000000000000000000e+00
7.361576134141668559e-01 4.148495332845480998e-02 1.379963606595993042e-01 1.000000000000000000e+00
7.748672178416033951e-01 9.154133231199429455e-02 1.115550696849822998e-01 1.000000000000000000e+00
8.134637001276368018e-01 1.422573937684262768e-01 8.345985412597656250e-02 1.000000000000000000e+00
8.614632075367232300e-01 1.985699877246501210e-01 5.311987176537513733e-02 1.000000000000000000e+00
-2.480191149148443797e-01 -7.126858438176316701e-01 2.537326216697692871e-01 1.000000000000000000e+00
-1.920910266575854564e-01 -6.897237982069872597e-01 2.803993821144104004e-01 1.000000000000000000e+00
-1.320378156023228056e-01 -6.558117063252729695e-01 3.033334016799926758e-01 1.000000000000000000e+00
-7.195088706825142344e-02 -6.157340362685970181e-01 3.145192563533782959e-01 1.000000000000000000e+00
-6.916972190213810379e-03 -5.617361472325914651e-01 3.156725168228149414e-01 1.000000000000000000e+00
5.872408911404744525e-02 -5.005936719509889166e-01 3.113941252231597900e-01 1.000000000000000000e+00
1.237359717270259951e-01 -4.460647220870340157e-01 3.039649724960327148e-01 1.000000000000000000e+00
1.848457832010325375e-01 -3.960804985081451957e-01 2.973220944404602051e-01 1.000000000000000000e+00
2.399809522605438616e-01 -3.437272743314438994e-01 2.948413789272308350e-01 1.000000000000000000e+00
2.949382300092028286e-01 -3.000901343306289215e-01 2.940717339515686035e-01 1.000000000000000000e+00
3.417932292102639491e-01 -2.607682942450109120e-01 2.895793020725250244e-01 1.000000000000000000e+00
3.873480086714761184e-01 -2.242084108992967451e-01 2.811782658100128174e-01 1.000000000000000000e+00
4.401857740920828710e-01 -1.865290967204210892e-01 2.778895795345306396e-01 1.000000000000000000e+00
5.010395434613857946e-01 -1.489502079448347949e-01 2.683115005493164062e-01 1.000000000000000000e+00
5.600485031245182599e-01 -1.092477502070270667e-01 2.526075839996337891e-01 1.000000000000000000e+00
6.165183048256877019e-01 -6.190194041834445882e-02 2.314656525850296021e-01 1.000000000000000000e+00
6.628507357887744034e-01 -4.870911282403911358e-03 2.098800688982009888e-01 1.000000000000000000e+00
7.034282253219410475e-01 5.823613397541266279e-02 1.812822967767715454e-01 1.000000000000000000e+00
7.427496544757860031e-01 1.165606077453039680e-01 1.440248489379882812e-01 1.000000000000000000e+00
7.616209269699629747e-01 1.671506290512641546e-01 1.027970314025878906e-01 1.000000000000000000e+00
7.972896573507628482e-01 2.257778014871607009e-01 5.709541589021682739e-02 1.000000000000000000e+00
-2.808446610419478295e-01 -6.610906201746866717e-01 2.747054696083068848e-01 1.000000000000000000e+00
-2.142945343621550647e-01 -6.373479517093477709e-01 3.051512539386749268e-01 1.000000000000000000e+00
-1.537402394249464122e-01 -6.024330598610136978e-01 3.205306231975555420e-01 1.000000000000000000e+00
-9.465897684319340977e-02 -5.643386097610179064e-01 3.310794234275817871e-01 1.000000000000000000e+00
-3.345909755391909823e-02 -5.110408430990510675e-01 3.354219198226928711e-01 1.000000000000000000e+00
2.447452741630645745e-02 -4.502666048328882731e-01 3.326817750930786133e-01 1.000000000000000000e+00
9.508214173895510046e-02 -4.036920086149701214e-01 3.286994993686676025e-01 1.000000000000000000e+00
1.625201550029025666e-01 -3.553101871430412451e-01 3.275551795959472656e-01 1.000000000000000000e+00
2.262438191911456398e-01 -3.057043685067953320e-01 3.282211720943450928e-01 1.000000000000000000e+00
2.805718550282490509e-01 -2.580281168890752319e-01 3.324091434478759766e-01 1.000000000000000000e+00
3.295666866067007428e-01 -2.173153096304082377e-01 3.286517858505249023e-01 1.000000000000000000e+00
3.796080981906627683e-01 -1.838402226158352692e-01 3.222659230232238770e-01 1.000000000000000000e+00
4.300394892955400339e-01 -1.495917040525948649e-01 3.164236247539520264e-01 1.000000000000000000e+00
4.816798100663917115e-01 -1.160231089862443221e-01 3.027045130729675293e-01 1.000000000000000000e+00
5.311316978751636775e-01 -7.926184799834509742e-02 2.896213829517364502e-01 1.000000000000000000e+00
5.829920673420907473e-01 -3.391733916435379914e-02 2.753280997276306152e-01 1.000000000000000000e+00
6.313039671923399432e-01 1.987891934837560104e-02 2.558914422988891602e-01 1.000000000000000000e+00
6.690380828109918632e-01 7.962726117493473810e-02 2.229040712118148804e-01 1.000000000000000000e+00
7.043095580711522530e-01 1.499869993447787153e-01 1.712146401405334473e-01 1.000000000000000000e+00
7.218946984095950814e-01 1.979392812101088417e-01 1.110497415065765381e-01 1.000000000000000000e+00
7.464053456750753268e-01 2.516768713097110588e-01 6.193583831191062927e-02 1.000000000000000000e+00
-3.080410003249513529e-01 -6.138949269236877448e-01 2.906374335289001465e-01 1.000000000000000000e+00
-2.434443800736385832e-01 -5.889455941854818688e-01 3.226507008075714111e-01 1.000000000000000000e+00
-1.832208852136797683e-01 -5.559480151594691222e-01 3.369259238243103027e-01 1.000000000000000000e+00
-1.287052853639906458e-01 -5.098530184674685550e-01 3.511447608470916748e-01 1.000000000000000000e+00
-6.806625418785081094e-02 -4.590368160989747315e-01 3.580698668956756592e-01 1.000000000000000000e+00
-6.469794127513223136e-03 -4.026897038738204704e-01 3.593567609786987305e-01 1.000000000000000000e+00
6.691706767964078484e-02 -3.579646799559543791e-01 3.553126156330108643e-01 1.000000000000000000e+00
1.387724078423180352e-01 -3.114877695961723592e-01 3.562419712543487549e-01 1.000000000000000000e+00
2.002180559419715344e-01 -2.632707528386331597e-01 3.613114655017852783e-01 1.000000000000000000e+00
2.541123585610493563e-01 -2.167352478227088652e-01 3.660815060138702393e-01 1.000000000000000000e+00
3.109535740963650374e-01 -1.768092484687554533e-01 3.678633272647857666e-01 1.000000000000000000e+00
3.634583846820917952e-01 -1.419485416625382856e-01 3.655651807785034180e-01 1.000000000000000000e+00
4.158287836995612219e-01 -1.072396109261648800e-01 3.543730974197387695e-01 1.000000000000000000e+00
4.657146470707377306e-01 -7.553733099543744056e-02 3.403344750404357910e-01 1.000000000000000000e+00
5.033661759397326518e-01 -4.360137839985339658e-02 3.242007493972778320e-01 1.000000000000000000e+00
5.426615794146221194e-01 2.155979888726344829e-03 2.974467277526855469e-01 1.000000000000000000e+00
5.850591384538832429e-01 4.912946441766369299e-02 2.669631540775299072e-01 1.000000000000000000e+00
6.187854470273614904e-01 1.106365731591582025e-01 2.334844470024108887e-01 1.000000000000000000e+00
6.545954536443697735e-01 1.773101690316636614e-01 1.826872378587722778e-01 1.000000000000000000e+00
6.707493502276554720e-01 2.268015905843388524e-01 1.226304769515991211e-01 1.000000000000000000e+00
6.964604451058471479e-01 2.773338074875663084e-01 7.663673162460327148e-02 1.000000000000000000e+00
-3.317912657597343884e-01 -5.645060591901517322e-01 3.084537684917449951e-01 1.000000000000000000e+00
-2.675448647461229346e-01 -5.424321741181773460e-01 3.368794322013854980e-01 1.000000000000000000e+00
-2.088977568508806337e-01 -5.079447777542893672e-01 3.505636453628540039e-01 1.000000000000000000e+00
-1.505447391278352809e-01 -4.647839076783595869e-01 3.632720708847045898e-01 1.000000000000000000e+00
-9.184954167844214257e-02 -4.112636267296795323e-01 3.794002830982208252e-01 1.000000000000000000e+00
-2.897476770276916080e-02 -3.606757127661448514e-01 3.853659331798553467e-01 1.000000000000000000e+00
4.177000300164604440e-02 -3.184076499189334997e-01 3.862746059894561768e-01 1.000000000000000000e+00
1.110722029853667692e-01 -2.709283715977290341e-01 3.879997730255126953e-01 1.000000000000000000e+00
1.718780092410642224e-01 -2.267929504803939678e-01 3.946504890918731689e-01 1.000000000000000000e+00
2.270676952491244294e-01 -1.833235022530916858e-01 3.977733850479125977e-01 1.000000000000000000e+00
2.800461415817044886e-01 -1.430181917992523477e-01 4.003268778324127197e-01 1.000000000000000000e+00
3.323814480794325954e-01 -1.062832883967406022e-01 3.948090970516204834e-01 1.000000000000000000e+00
3.853440735387528848e-01 -7.276405782670847255e-02 3.812940120697021484e-01 1.000000000000000000e+00
4.301207905663175235e-01 -3.815518370869996900e-02 3.638240993022918701e-01 1.000000000000000000e+00
4.589243683071476121e-01 -1.455983955232997840e-03 3.371751904487609863e-01 1.000000000000000000e+00
4.889434822324560947e-01 3.824320740181511025e-02 2.972675561904907227e-01 1.000000000000000000e+00
5.261753760042522376e-01 8.530855098708195472e-02 2.612377405166625977e-01 1.000000000000000000e+00
5.616050494602983223e-01 1.435161936929011117e-01 2.296218276023864746e-01 1.000000000000000000e+00
5.978284745143499501e-01 2.068767522445107143e-01 1.966618895530700684e-01 1.000000000000000000e+00
6.164992123033121718e-01 2.541182907299773808e-01 1.429728269577026367e-01 1.000000000000000000e+00
6.444202771831726295e-01 3.074890557335650532e-01 9.183572232723236084e-02 1.000000000000000000e+00
-3.498883638670391427e-01 -5.109640515410642791e-01 3.182369768619537354e-01 1.000000000000000000e+00
-2.974692641661152992e-01 -4.978657909381062896e-01 3.473519682884216309e-01 1.000000000000000000e+00
-2.380042123818221222e-01 -4.654217159368749246e-01 3.638202548027038574e-01 1.000000000000000000e+00
-1.724709521793396649e-01 -4.242560144491781537e-01 3.790940344333648682e-01 1.000000000000000000e+00
-1.104296110595453240e-01 -3.750402965060369853e-01 3.950618505477905273e-01 1.000000000000000000e+00
-5.422635656507091007e-02 -3.254064923623798400e-01 4.041169285774230957e-01 1.000000000000000000e+00
1.111060469047214783e-02 -2.795631228927014655e-01 4.114874899387359619e-01 1.000000000000000000e+00
8.420685344043141174e-02 -2.352604209336266461e-01 4.143597781658172607e-01 1.000000000000000000e+00
1.443874638820303868e-01 -1.977132160514084025e-01 4.213455319404602051e-01 1.000000000000000000e+00
1.943861649033827022e-01 -1.550816998560633209e-01 4.270843267440795898e-01 1.000000000000000000e+00
2.407645253946341102e-01 -1.128670054557788516e-01 4.279702007770538330e-01 1.000000000000000000e+00
2.918322390816167067e-01 -7.721121415747184136e-02 4.185388088226318359e-01 1.000000000000000000e+00
3.401442442989873749e-01 -4.035843128803121016e-02 4.026999771595001221e-01 1.000000000000000000e+00
3.780700016378182871e-01 -2.804872768399357952e-04 3.787673115730285645e-01 1.000000000000000000e+00
4.035596569739338113e-01 4.167025194793289034e-02 3.410744071006774902e-01 1.000000000000000000e+00
4.289429231276956633e-01 7.724595369735706707e-02 2.977657020092010498e-01 1.000000000000000000e+00
4.665760127504670063e-01 1.207114928044599744e-01 2.583793103694915771e-01 1.000000000000000000e+00
5.053892773518161574e-01 1.731169053163298943e-01 2.329976707696914673e-01 1.000000000000000000e+00
5.367240473002407031e-01 2.337522907900735636e-01 2.106526792049407959e-01 1.000000000000000000e+00
5.642443061874746757e-01 2.834591354222000259e-01 1.617640107870101929e-01 1.000000000000000000e+00
5.940997533633033401e-01 3.488172122488470417e-01 1.142780780792236328e-01 1.000000000000000000e+00
-3.747509004390928711e-01 -4.701688261201343311e-01 3.102075457572937012e-01 1.000000000000000000e+00
-3.277269819375561166e-01 -4.524386637443215120e-01 3.502003848552703857e-01 1.000000000000000000e+00
-2.631194561891911921e-01 -4.245350371230324216e-01 3.728030025959014893e-01 1.000000000000000000e+00
-1.988937598149106423e-01 -3.892894505645697611e-01 3.921616971492767334e-01 1.000000000000000000e+00
-1.359741732025583905e-01 -3.451815829494487842e-01 4.059467017650604248e-01 1.000000000000000000e+00
-8.317737451870421683e-02 -2.944459969654441012e-01 4.114196300506591797e-01 1.000000000000000000e+00
-2.090861954105725784e-02 -2.480319170200797063e-01 4.172668457031250000e-01 1.000000000000000000e+00
4.974874913625848549e-02 -2.061514682019108813e-01 4.258965253829956055e-01 1.000000000000000000e+00
1.054056909119786417e-01 -1.643401033368074859e-01 4.322032332420349121e-01 1.000000000000000000e+00
1.501621563788338165e-01 -1.228237189960757619e-01 4.393086135387420654e-01 1.000000000000000000e+00
1.954638598198062682e-01 -8.323240776614734826e-02 4.441125094890594482e-01 1.000000000000000000e+00
2.419585877597962287e-01 -4.762783542549320348e-02 4.397131502628326416e-01 1.000000000000000000e+00
2.861390849316136631e-01 -8.916840152055766078e-03 4.204874336719512939e-01 1.000000000000000000e+00
3.195625262516926801e-01 3.754864841177982249e-02 3.906001150608062744e-01 1.000000000000000000e+00
3.454589829696352865e-01 8.052671706900568771e-02 3.489749431610107422e-01 1.000000000000000000e+00
3.691621493012073874e-01 1.149338552966168159e-01 3.057334125041961670e-01 1.000000000000000000e+00
4.071548147620493996e-01 1.560543648259977989e-01 2.682000100612640381e-01 1.000000000000000000e+00
4.473008575437221745e-01 2.063282320845656603e-01 2.418894320726394653e-01 1.000000000000000000e+00
4.829857617776380785e-01 2.650225128400037211e-01 2.189585864543914795e-01 1.000000000000000000e+00
5.122981573471159233e-01 3.250452517237930050e-01 1.793625354766845703e-01 1.000000000000000000e+00
5.386156768867504940e-01 3.995621284914407934e-01 1.291799992322921753e-01 1.000000000000000000e+00
-4.013010534603504986e-01 -4.222283045426277193e-01 3.048724830150604248e-01 1.000000000000000000e+00
-3.517499322138486484e-01 -4.072656662419892326e-01 3.482658565044403076e-01 1.000000000000000000e+00
-2.909794081387108711e-01 -3.862866456588505693e-01 3.737427890300750732e-01 1.000000000000000000e+00
-2.290401835645023698e-01 -3.550558783274825880e-01 3.945478498935699463e-01 1.000000000000000000e+00
-1.700743770058889548e-01 -3.148133139943638525e-01 4.096987843513488770e-01 1.000000000000000000e+00
-1.153228601716601298e-01 -2.666116281529705145e-01 4.172017574310302734e-01 1.000000000000000000e+00
-5.545928886127222956e-02 -2.173696316497827907e-01 4.211011528968811035e-01 1.000000000000000000e+00
3.490069889709818129e-03 -1.715894245009540464e-01 4.316647648811340332e-01 1.000000000000000000e+00
5.492148980591721186e-02 -1.262033904844673815e-01 4.432467818260192871e-01 1.000000000000000000e+00
9.670996102974506459e-02 -8.472655305852902496e-02 4.549381434917449951e-01 1.000000000000000000e+00
1.387119007729245568e-01 -4.663118363040005127e-02 4.572539031505584717e-01 1.000000000000000000e+00
1.837348923730505179e-01 -1.215069934966785115e-02 4.556093215942382812e-01 1.000000000000000000e+00
2.252982124979551470e-01 2.447406380097279233e-02 4.357214868068695068e-01 1.000000000000000000e+00
2.620148821201297995e-01 7.197680738008571666e-02 4.009982943534851074e-01 1.000000000000000000e+00
2.899486595431723934e-01 1.167852030326623908e-01 3.651854693889617920e-01 1.000000000000000000e+00
3.178343210702837540e-01 1.526290324956007527e-01 3.283723592758178711e-01 1.000000000000000000e+00
3.548514028919319552e-01 1.922575119775597474e-01 2.911842763423919678e-01 1.000000000000000000e+00
3.954835200091247893e-01 2.403340585573681687e-01 2.547146677970886230e-01 1.000000000000000000e+00
4.334884343978152588e-01 2.959744682317598796e-01 2.279772609472274780e-01 1.000000000000000000e+00
4.584891178025755631e-01 3.578326233428577030e-01 1.874589025974273682e-01 1.000000000000000000e+00
4.856075499531957163e-01 4.418568637083145068e-01 1.466636657714843750e-01 1.000000000000000000e+00
-4.235432690940102995e-01 -3.624836545165803781e-01 2.977663576602935791e-01 1.000000000000000000e+00
-3.701101833894542281e-01 -3.616510711831170122e-01 3.433357477188110352e-01 1.000000000000000000e+00
-3.113709701422365250e-01 -3.432583484949117691e-01 3.715331554412841797e-01 1.000000000000000000e+00
-2.582051547262452229e-01 -3.140277494216814347e-01 3.929492533206939697e-01 1.000000000000000000e+00
-2.061636222993501466e-01 -2.748419224845641828e-01 4.133834242820739746e-01 1.000000000000000000e+00
-1.557533573022889806e-01 -2.320515126703330544e-01 4.292774796485900879e-01 1.000000000000000000e+00
-1.060933483555702023e-01 -1.841878234805728320e-01 4.371103048324584961e-01 1.000000000000000000e+00
-5.573758977034573570e-02 -1.362756338048887184e-01 4.482905566692352295e-01 1.000000000000000000e+00
-8.889365675182753224e-03 -8.690921980489681176e-02 4.595742523670196533e-01 1.000000000000000000e+00
3.566770305136739150e-02 -4.514650820804318870e-02 4.711069166660308838e-01 1.000000000000000000e+00
7.839541942843855638e-02 -1.073060343594180177e-02 4.714833498001098633e-01 1.000000000000000000e+00
1.231807765599479687e-01 2.221417612559895699e-02 4.662094414234161377e-01 1.000000000000000000e+00
1.662377968011468643e-01 5.969175441407722355e-02 4.464844465255737305e-01 1.000000000000000000e+00
2.043442850947486122e-01 1.035850787652096289e-01 4.176001548767089844e-01 1.000000000000000000e+00
2.344349116852680048e-01 1.466973956716548511e-01 3.869681060314178467e-01 1.000000000000000000e+00
2.708808720994572150e-01 1.895998318092279311e-01 3.565309941768646240e-01 1.000000000000000000e+00
3.074631723002231309e-01 2.309512691899561765e-01 3.145984113216400146e-01 1.000000000000000000e+00
3.445336699840028105e-01 2.813552911850817351e-01 2.741980552673339844e-01 1.000000000000000000e+00
3.809146728850136832e-01 3.377524830858900096e-01 2.366568595170974731e-01 1.000000000000000000e+00
4.016524396389199447e-01 3.956404208723297566e-01 1.956245452165603638e-01 1.000000000000000000e+00
4.255028973522364533e-01 4.874026461344585504e-01 1.596742123365402222e-01 1.000000000000000000e+00
-4.451927564749042499e-01 -3.171527801880823505e-01 2.909054756164550781e-01 1.000000000000000000e+00
-3.951990709285247427e-01 -3.127503100534526626e-01 3.379714190959930420e-01 1.000000000000000000e+00
-3.427118882621876250e-01 -2.963238550692030571e-01 3.738170266151428223e-01 1.000000000000000000e+00
-2.914409516913085696e-01 -2.653421821979796702e-01 3.971848189830780029e-01 1.000000000000000000e+00
-2.451876461679450836e-01 -2.250862994607314427e-01 4.156749546527862549e-01 1.000000000000000000e+00
-2.038625452991800757e-01 -1.805522007666197082e-01 4.355628490447998047e-01 1.000000000000000000e+00
-1.576091607504755965e-01 -1.343483176914912480e-01 4.500531554222106934e-01 1.000000000000000000e+00
-1.119816885122942723e-01 -9.084527842592579616e-02 4.602413475513458252e-01 1.000000000000000000e+00
-6.844361994726021192e-02 -4.837918334262991671e-02 4.733732938766479492e-01 1.000000000000000000e+00
-2.337774919713049224e-02 -6.375523481195577435e-03 4.836084842681884766e-01 1.000000000000000000e+00
2.146580746381638802e-02 2.846135981890081379e-02 4.794995188713073730e-01 1.000000000000000000e+00
6.673983096202928955e-02 6.068119778098600425e-02 4.683824777603149414e-01 1.000000000000000000e+00
1.084761059481544471e-01 9.662251290453004182e-02 4.517196714878082275e-01 1.000000000000000000e+00
1.451237601058925630e-01 1.405906953269738524e-01 4.280277192592620850e-01 1.000000000000000000e+00
1.781029525692424398e-01 1.813416402151870888e-01 4.025729000568389893e-01 1.000000000000000000e+00
2.184108287124848780e-01 2.294334070756640087e-01 3.740373551845550537e-01 1.000000000000000000e+00
2.589267416999770921e-01 2.773806102457485601e-01 3.344787955284118652e-01 1.000000000000000000e+00
2.969717219365332617e-01 3.287107196748479399e-01 2.927598953247070312e-01 1.000000000000000000e+00
3.353290090034660720e-01 3.864407450737184502e-01 2.562544047832489014e-01 1.000000000000000000e+00
3.570724522464029382e-01 4.496284277894485037e-01 2.102577239274978638e-01 1.000000000000000000e+00
3.804043575261547017e-01 5.321841573660414104e-01 1.612729877233505249e-01 1.000000000000000000e+00
-4.844218629570861134e-01 -2.775741077443510951e-01 2.779151499271392822e-01 1.000000000000000000e+00
-4.281954382326428332e-01 -2.712926257359845050e-01 3.217494487762451172e-01 1.000000000000000000e+00
-3.782910091746972681e-01 -2.553691565102200189e-01 3.652280867099761963e-01 1.000000000000000000e+00
-3.336406800091046287e-01 -2.185148985010814671e-01 3.918235898017883301e-01 1.000000000000000000e+00
-2.906215497847169926e-01 -1.696822216539194406e-01 4.187918901443481445e-01 1.000000000000000000e+00
-2.469637051445710552e-01 -1.241334797287564490e-01 4.374614357948303223e-01 1.000000000000000000e+00
-2.025221714665013939e-01 -7.939765568095946691e-02 4.515813589096069336e-01 1.000000000000000000e+00
-1.565810423817020069e-01 -3.736962967272976222e-02 4.621582329273223877e-01 1.000000000000000000e+00
-1.126042725388741034e-01 7.025142076916915390e-04 4.749033153057098389e-01 1.000000000000000000e+00
-6.793896016863586185e-02 3.591395128214833199e-02 4.840047061443328857e-01 1.000000000000000000e+00
-2.340396058563723111e-02 6.895900346465257125e-02 4.786106646060943604e-01 1.000000000000000000e+00
1.986679159271648870e-02 9.555663095949067098e-02 4.673649072647094727e-01 1.000000000000000000e+00
5.969793419574007803e-02 1.340172634160612664e-01 4.517281353473663330e-01 1.000000000000000000e+00
9.619747379109878926e-02 1.810056363192351081e-01 4.344139993190765381e-01 1.000000000000000000e+00
1.349842596348709289e-01 2.248019755035879086e-01 4.106694459915161133e-01 1.000000000000000000e+00
1.754060481729261822e-01 2.730646583714886333e-01 3.831951916217803955e-01 1.000000000000000000e+00
2.166953663673054642e-01 3.318417366108263322e-01 3.501269817352294922e-01 1.000000000000000000e+00
2.557230319870295032e-01 3.854616948562346601e-01 3.139820098876953125e-01 1.000000000000000000e+00
2.881165834536084103e-01 4.410855144773813685e-01 2.745388150215148926e-01 1.000000000000000000e+00
3.127352109449734741e-01 4.988833633751290630e-01 2.281203120946884155e-01 1.000000000000000000e+00
3.355337057099713749e-01 5.730139379343942574e-01 1.693570762872695923e-01 1.000000000000000000e+00
-5.222033832436007161e-01 -2.336155453400799442e-01 2.616633772850036621e-01 1.000000000000000000e+00
-4.658505601204732116e-01 -2.259936671085213400e-01 3.102870285511016846e-01 1.000000000000000000e+00
-4.134942592238306514e-01 -1.963782251615380503e-01 3.578193187713623047e-01 1.000000000000000000e+00
-3.674145196909910371e-01 -1.583080727197087312e-01 3.869608044624328613e-01 1.000000000000000000e+00
-3.214970876717669346e-01 -1.135831436322517901e-01 4.100762605667114258e-01 1.000000000000000000e+00
-2.784807075292446421e-01 -7.340116012551138602e-02 4.266579449176788330e-01 1.000000000000000000e+00
-2.364244115223762543e-01 -3.647367196708516113e-02 4.387688040733337402e-01 1.000000000000000000e+00
-1.917203872717807567e-01 1.956203826784602695e-03 4.500319659709930420e-01 1.000000000000000000e+00
-1.458860266909715875e-01 3.936848611020736521e-02 4.622620344161987305e-01 1.000000000000000000e+00
-1.034230662795337236e-01 6.916730899506158547e-02 4.700152873992919922e-01 1.000000000000000000e+00
-5.694472292690234971e-02 9.506758000279449949e-02 4.671971797943115234e-01 1.000000000000000000e+00
-1.694687900130604358e-02 1.258592035144592003e-01 4.608334898948669434e-01 1.000000000000000000e+00
1.992165625276554053e-02 1.690995836201047986e-01 4.527955055236816406e-01 1.000000000000000000e+00
5.930569455007343727e-02 2.183724737632509738e-01 4.409591853618621826e-01 1.000000000000000000e+00
9.964420091547118719e-02 2.729596494984237176e-01 4.230159223079681396e-01 1.000000000000000000e+00
1.411072378827001872e-01 3.261335676460412336e-01 3.943864703178405762e-01 1.000000000000000000e+00
1.838690299867924427e-01 3.876542055259077912e-01 3.641542792320251465e-01 1.000000000000000000e+00
2.250699135562836961e-01 4.362049515666682753e-01 3.272661566734313965e-01 1.000000000000000000e+00
2.520822923822492734e-01 4.882507039467705034e-01 2.822810411453247070e-01 1.000000000000000000e+00
2.728446096754131300e-01 5.466441299608256754e-01 2.354996204376220703e-01 1.000000000000000000e+00
2.934609513587594920e-01 6.073309135163282857e-01 1.719439327716827393e-01 1.000000000000000000e+00
-5.507741101831201691e-01 -1.785701912147452941e-01 2.444106489419937134e-01 1.000000000000000000e+00
-5.023783697144705851e-01 -1.773663402440165404e-01 2.984431087970733643e-01 1.000000000000000000e+00
-4.516486948259696432e-01 -1.445165386055950463e-01 3.501490950584411621e-01 1.000000000000000000e+00
-4.003611010303056439e-01 -1.069885000027371302e-01 3.787356615066528320e-01 1.000000000000000000e+00
-3.497259404495903778e-01 -6.270794621255479373e-02 3.934936821460723877e-01 1.000000000000000000e+00
-3.024023947336336171e-01 -2.738563131637813952e-02 4.074243307113647461e-01 1.000000000000000000e+00
-2.557135489461145883e-01 2.902527016399703008e-03 4.168468713760375977e-01 1.000000000000000000e+00
-2.146480832008888229e-01 3.588115049729470596e-02 4.295922815799713135e-01 1.000000000000000000e+00
-1.743300391304431207e-01 7.027031309401593484e-02 4.446997642517089844e-01 1.000000000000000000e+00
-1.275948634196984732e-01 9.877187705512908977e-02 4.516069293022155762e-01 0.000000000000000000e+00
-8.544426383928697966e-02 1.200095265057988109e-01 4.501931071281433105e-01 0.000000000000000000e+00
-4.790250643723877044e-02 1.529599537450400115e-01 4.469520747661590576e-01 0.000000000000000000e+00
-1.146615550451002274e-02 2.007030397277863309e-01 4.436003565788269043e-01 1.000000000000000000e+00
2.778478304520046183e-02 2.568736198779527080e-01 4.361936450004577637e-01 1.000000000000000000e+00
6.905224809862681168e-02 3.196117432340412345e-01 4.244980514049530029e-01 1.000000000000000000e+00
1.083881757683595182e-01 3.786666218886264312e-01 3.984455466270446777e-01 1.000000000000000000e+00
1.506207088222762114e-01 4.330838088470425618e-01 3.657452166080474854e-01 1.000000000000000000e+00
1.871626165371004513e-01 4.871384907614164650e-01 3.285614252090454102e-01 1.000000000000000000e+00
2.138021221942902061e-01 5.315682654687516884e-01 2.883437871932983398e-01 1.000000000000000000e+00
2.383761793933550366e-01 5.893376020234817325e-01 2.351762205362319946e-01 1.000000000000000000e+00
2.583243565505460859e-01 6.473402740682803191e-01 1.715913712978363037e-01 1.000000000000000000e+00
-5.839338175986422685e-01 -1.392107666769677732e-01 2.290991544723510742e-01 1.000000000000000000e+00
-5.377922697124614126e-01 -1.410113011187773824e-01 2.793035805225372314e-01 1.000000000000000000e+00
-4.884666538618281373e-01 -1.103662221993850778e-01 3.306891620159149170e-01 1.000000000000000000e+00
-4.370235381951589337e-01 -6.565661349136184266e-02 3.602767586708068848e-01 1.000000000000000000e+00
-3.831403307339515951e-01 -2.532256415519415493e-02 3.752324283123016357e-01 1.000000000000000000e+00
-3.309959758017582132e-01 1.086252834013692881e-02 3.849292099475860596e-01 1.000000000000000000e+00
-2.793574673453925183e-01 3.904277526491516104e-02 3.927394151687622070e-01 1.000000000000000000e+00
-2.390106896609745235e-01 6.740585521853365014e-02 4.035435616970062256e-01 1.000000000000000000e+00
-1.967519623407083251e-01 9.680836075012778930e-02 4.153710901737213135e-01 1.000000000000000000e+00
-1.522938438777496351e-01 1.246238688478927686e-01 4.231588542461395264e-01 0.000000000000000000e+00
-1.137091732460114718e-01 1.463102241845216089e-01 4.289632141590118408e-01 0.000000000000000000e+00
-7.814804376945995446e-02 1.812018931193260796e-01 4.306307137012481689e-01 0.000000000000000000e+00
-4.262325541303695065e-02 2.333381031730447641e-01 4.261079132556915283e-01 1.000000000000000000e+00
2.016494893579412473e-03 2.948326732271072670e-01 4.209165573120117188e-01 1.000000000000000000e+00
3.861861991821363693e-02 3.599073124975185056e-01 4.125472605228424072e-01 1.000000000000000000e+00
7.177750547018973970e-02 4.186088319741883002e-01 3.877352178096771240e-01 1.000000000000000000e+00
1.105365797610659284e-01 4.707352218122039522e-01 3.573564887046813965e-01 1.000000000000000000e+00
1.461264112414533967e-01 5.228884697294332584e-01 3.267543017864227295e-01 1.000000000000000000e+00
1.739164204958692228e-01 5.697480313268455943e-01 2.909790575504302979e-01 1.000000000000000000e+00
1.995285756471816552e-01 6.314210722109274698e-01 2.371259480714797974e-01 1.000000000000000000e+00
2.259752383990097924e-01 6.848032379370373457e-01 1.681100577116012573e-01 1.000000000000000000e+00
-6.205830101163509749e-01 -1.106069860715035436e-01 2.117723226547241211e-01 1.000000000000000000e+00
-5.751345039336590581e-01 -1.077307586885746238e-01 2.630884647369384766e-01 1.000000000000000000e+00
-5.285443660653525999e-01 -8.090757706557438755e-02 3.113493323326110840e-01 1.000000000000000000e+00
-4.765656903946554612e-01 -3.613285147660189045e-02 3.383143544197082520e-01 1.000000000000000000e+00
-4.218736216902513325e-01 9.225207569185683854e-03 3.549111485481262207e-01 1.000000000000000000e+00
-3.637743701420900755e-01 4.436264531436934222e-02 3.614849746227264404e-01 1.000000000000000000e+00
-3.073697696155669457e-01 6.774582223533463787e-02 3.690254390239715576e-01 1.000000000000000000e+00
-2.602317227166188185e-01 9.159644985313426802e-02 3.782658874988555908e-01 1.000000000000000000e+00
-2.168838997574068506e-01 1.159471287550913610e-01 3.856986165046691895e-01 1.000000000000000000e+00
-1.765402725499150560e-01 1.466872172077393899e-01 3.984841704368591309e-01 0.000000000000000000e+00
-1.398892677177203392e-01 1.685469962892784113e-01 4.071899652481079102e-01 0.000000000000000000e+00
-1.083297813097477691e-01 2.042834461189231565e-01 4.116070568561553955e-01 0.000000000000000000e+00
-7.526644266334588107e-02 2.574322447448281759e-01 4.071924090385437012e-01 1.000000000000000000e+00
-3.196437010819253022e-02 3.221345271453578407e-01 4.039523899555206299e-01 1.000000000000000000e+00
1.268746580723401074e-03 3.907825869667652108e-01 3.918523788452148438e-01 1.000000000000000000e+00
3.406466347332365308e-02 4.570046215043249149e-01 3.716089129447937012e-01 1.000000000000000000e+00
6.615067992303064193e-02 5.069145401892890535e-01 3.469999432563781738e-01 1.000000000000000000e+00
1.020391639719662735e-01 5.545225876694064304e-01 3.173266649246215820e-01 1.000000000000000000e+00
1.368439893254140838e-01 6.013664917125970399e-01 2.897775471210479736e-01 1.000000000000000000e+00
1.555753975028077163e-01 6.519201192148680324e-01 2.402392178773880005e-01 1.000000000000000000e+00
1.896250145512130558e-01 7.124369877505991600e-01 1.660403609275817871e-01 1.000000000000000000e+00
-6.728357878163387928e-01 -7.793032368676489074e-02 2.007900476455688477e-01 1.000000000000000000e+00
-6.098240998032781190e-01 -6.572092958218950232e-02 2.390929460525512695e-01 1.000000000000000000e+00
-5.613312424589472771e-01 -4.120625729267651804e-02 2.848429381847381592e-01 1.000000000000000000e+00
-5.090745240286238538e-01 -6.487727611554749974e-03 3.137466907501220703e-01 1.000000000000000000e+00
-4.562439130355517847e-01 3.778960194471647771e-02 3.327950239181518555e-01 1.000000000000000000e+00
-3.951249873055547868e-01 6.452744673619423277e-02 3.403689265251159668e-01 0.000000000000000000e+00
-3.387431039303790414e-01 8.540962966652307364e-02 3.515654802322387695e-01 0.000000000000000000e+00
-2.820092100764403087e-01 1.102695057187645655e-01 3.606564104557037354e-01 1.000000000000000000e+00
-2.331301295490677827e-01 1.356283267003901560e-01 3.667871356010437012e-01 0.000000000000000000e+00
-1.970401203439773319e-01 1.656087708921899493e-01 3.743016123771667480e-01 0.000000000000000000e+00
-1.678686269574274359e-01 1.932078918013439006e-01 3.820147216320037842e-01 1.000000000000000000e+00
-1.398543912005775769e-01 2.287171437757345716e-01 3.884278237819671631e-01 0.000000000000000000e+00
-1.103519238810277137e-01 2.813117429538577463e-01 3.902255892753601074e-01 1.000000000000000000e+00
-7.465612468677176872e-02 3.429884190036237568e-01 3.872157335281372070e-01 1.000000000000000000e+00
-4.083180361708144135e-02 4.118955660395396956e-01 3.712349534034729004e-01 1.000000000000000000e+00
-1.193796840016525529e-02 4.760767658785048928e-01 3.526161909103393555e-01 1.000000000000000000e+00
1.819900918700395609e-02 5.314194133365232053e-01 3.316004872322082520e-01 1.000000000000000000e+00
5.369497963575764476e-02 5.833055766747390347e-01 3.082014322280883789e-01 1.000000000000000000e+00
8.779475143389092739e-02 6.249815395206450575e-01 2.836511731147766113e-01 1.000000000000000000e+00
1.068157295339786650e-01 6.739180556658257437e-01 2.417411059141159058e-01 1.000000000000000000e+00
1.397869983898085144e-01 7.395176444711524244e-01 1.707691550254821777e-01 1.000000000000000000e+00
-7.348278803436480988e-01 -4.089523462409039301e-02 1.908025741577148438e-01 1.000000000000000000e+00
-6.644883937345136271e-01 -3.349292039984930192e-02 2.264914810657501221e-01 1.000000000000000000e+00
-5.989014279103160865e-01 -3.760489338111849822e-03 2.522747516632080078e-01 1.000000000000000000e+00
-5.375900069864576469e-01 2.686680361120891147e-02 2.807001769542694092e-01 1.000000000000000000e+00
-4.831837149883816407e-01 6.091106800985335301e-02 3.004634082317352295e-01 0.000000000000000000e+00
-4.270560719401357286e-01 8.580802275207230490e-02 3.147239387035369873e-01 0.000000000000000000e+00
-3.650044153791683899e-01 1.099303816389337884e-01 3.286996483802795410e-01 0.000000000000000000e+00
-3.075149760453991243e-01 1.360857043004303768e-01 3.447698354721069336e-01 0.000000000000000000e+00
-2.625941378693514849e-01 1.665167509863722528e-01 3.509466648101806641e-01 0.000000000000000000e+00
-2.278055706627167554e-01 1.987148885898304129e-01 3.548833727836608887e-01 1.000000000000000000e+00
-1.976235064843530065e-01 2.293634340875127520e-01 3.604080677032470703e-01 1.000000000000000000e+00
-1.738975308052023716e-01 2.617460352760129227e-01 3.625653386116027832e-01 0.000000000000000000e+00
-1.459394162113228366e-01 3.121213842432608576e-01 3.674875199794769287e-01 1.000000000000000000e+00
-1.175040860226445188e-01 3.643656377431372384e-01 3.664374649524688721e-01 1.000000000000000000e+00
-8.459297125635184544e-02 4.271968845610106258e-01 3.503581881523132324e-01 1.000000000000000000e+00
-5.965498655710760323e-02 4.919163523390205350e-01 3.328179121017456055e-01 1.000000000000000000e+00
-3.082165314122881083e-02 5.535173431855731074e-01 3.124277293682098389e-01 1.000000000000000000e+00
6.560831320296722780e-03 6.109049978801885938e-01 2.948096990585327148e-01 1.000000000000000000e+00
3.338620457941948727e-02 6.571094920846203280e-01 2.739430069923400879e-01 1.000000000000000000e+00
5.240625544884003340e-02 7.096670968664631207e-01 2.360573261976242065e-01 1.000000000000000000e+00
8.674860343357776449e-02 7.698577698681441372e-01 1.774111539125442505e-01 1.000000000000000000e+00
-7.969721651409302776e-01 -5.856768215922458776e-03 1.787546575069427490e-01 1.000000000000000000e+00
-7.218601590672404367e-01 -4.972190159375833307e-03 2.128123641014099121e-01 1.000000000000000000e+00
-6.412396863337224140e-01 1.540045844588061597e-02 2.331578582525253296e-01 0.000000000000000000e+00
-5.677782562148404599e-01 3.913598302039694721e-02 2.514571249485015869e-01 0.000000000000000000e+00
-5.052966912623497731e-01 6.781299377514884985e-02 2.703090608119964600e-01 0.000000000000000000e+00
-4.515979710937867431e-01 1.015398818677941406e-01 2.861397564411163330e-01 0.000000000000000000e+00
-3.912648417441390025e-01 1.369154598437764547e-01 3.016068637371063232e-01 0.000000000000000000e+00
-3.328173623968686545e-01 1.665716683299819367e-01 3.170087635517120361e-01 0.000000000000000000e+00
-2.861707056047089748e-01 2.016136540000005306e-01 3.258745968341827393e-01 1.000000000000000000e+00
-2.558913981101184620e-01 2.346238665438544480e-01 3.385753035545349121e-01 1.000000000000000000e+00
-2.286549771741810677e-01 2.680248119835407783e-01 3.420340120792388916e-01 1.000000000000000000e+00
-2.093613932579248549e-01 2.994000007596873125e-01 3.409898877143859863e-01 1.000000000000000000e+00
-1.826638303169114130e-01 3.438121370109206154e-01 3.430214822292327881e-01 1.000000000000000000e+00
-1.554732230053053055e-01 3.955741884169838296e-01 3.385196626186370850e-01 1.000000000000000000e+00
-1.296227801092244558e-01 4.513080534595924620e-01 3.266425132751464844e-01 1.000000000000000000e+00
-1.039349502914107271e-01 5.147062280734979733e-01 3.127385377883911133e-01 1.000000000000000000e+00
-7.534663757935006201e-02 5.822764560012241297e-01 2.953729331493377686e-01 1.000000000000000000e+00
-3.687977792591196069e-02 6.410173406344030766e-01 2.802644073963165283e-01 1.000000000000000000e+00
-1.414808591580379860e-02 6.846977022283660119e-01 2.583500444889068604e-01 1.000000000000000000e+00
7.388131809717035647e-03 7.382431448456071577e-01 2.282102704048156738e-01 1.000000000000000000e+00
3.670261364819621397e-02 7.897717132476320678e-01 1.837275028228759766e-01 1.000000000000000000e+00
-8.560728784932709612e-01 4.362114527180382950e-03 1.542075127363204956e-01 1.000000000000000000e+00
-7.771609968515360567e-01 6.299015097347038239e-03 1.700823903083801270e-01 0.000000000000000000e+00
-6.899375880960587626e-01 2.923414994521728039e-02 1.950666457414627075e-01 0.000000000000000000e+00
-6.063590177263792347e-01 6.214491700000979169e-02 2.169812768697738647e-01 0.000000000000000000e+00
-5.370505483989425066e-01 9.014348993428178414e-02 2.348109185695648193e-01 0.000000000000000000e+00
-4.748012125817469009e-01 1.120644451664344066e-01 2.474744617938995361e-01 0.000000000000000000e+00
-4.234866553397481637e-01 1.449381124578251190e-01 2.614453136920928955e-01 0.000000000000000000e+00
-3.741625883857975787e-01 1.879489186796318156e-01 2.768927216529846191e-01 0.000000000000000000e+00
-3.262155854132434696e-01 2.284275422429040414e-01 2.919386923313140869e-01 0.000000000000000000e+00
-2.951477788716429518e-01 2.665150328445395345e-01 3.111588358879089355e-01 1.000000000000000000e+00
-2.664758889589851631e-01 2.993454680060702588e-01 3.148105442523956299e-01 1.000000000000000000e+00
-2.469755984583852648e-01 3.312431275556040888e-01 3.116178512573242188e-01 1.000000000000000000e+00
-2.206469547849217450e-01 3.724141211069670332e-01 3.104074299335479736e-01 1.000000000000000000e+00
-1.933266879622280165e-01 4.241041172071448040e-01 3.084367811679840088e-01 1.000000000000000000e+00
-1.686003647362054325e-01 4.799807125522355666e-01 3.001406788825988770e-01 1.000000000000000000e+00
-1.430734410492941755e-01 5.444111583165820445e-01 2.893880009651184082e-01 1.000000000000000000e+00
-1.149155741010752796e-01 6.091621414005660151e-01 2.736750841140747070e-01 1.000000000000000000e+00
-8.538374096482542752e-02 6.598344965750921887e-01 2.594383656978607178e-01 1.000000000000000000e+00
-6.500300016465498931e-02 7.021691092961022118e-01 2.406535595655441284e-01 1.000000000000000000e+00
-4.254054222283443210e-02 7.598645624253927977e-01 2.124215960502624512e-01 1.000000000000000000e+00
-1.884667980807108734e-02 7.988289024052293019e-01 1.800955384969711304e-01 1.000000000000000000e+00
-8.961436996870639771e-01 -2.918184570621551455e-02 1.109805256128311157e-01 1.000000000000000000e+00
-8.166666709536463120e-01 5.923823851903042836e-03 1.206999570131301880e-01 0.000000000000000000e+00
-7.280450404988201285e-01 3.512893461849642129e-02 1.431672275066375732e-01 0.000000000000000000e+00
-6.469587607955595843e-01 7.314973310071948287e-02 1.664649844169616699e-01 0.000000000000000000e+00
-5.800405024674485377e-01 1.060426298917433452e-01 1.916477829217910767e-01 0.000000000000000000e+00
-5.161190747292802028e-01 1.297697883168303090e-01 2.108942717313766479e-01 0.000000000000000000e+00
-4.607102251089633671e-01 1.545680562132609737e-01 2.200203239917755127e-01 0.000000000000000000e+00
-4.172735565930904555e-01 1.976257402673239627e-01 2.385480105876922607e-01 0.000000000000000000e+00
-3.800491965704656527e-01 2.462568498114827142e-01 2.507718503475189209e-01 0.000000000000000000e+00
-3.510969668949376343e-01 2.846973044643286710e-01 2.639320492744445801e-01 1.000000000000000000e+00
-3.198156707605612215e-01 3.178349585413674516e-01 2.707561552524566650e-01 1.000000000000000000e+00
-2.916191446155456668e-01 3.500102736263569492e-01 2.723681926727294922e-01 1.000000000000000000e+00
-2.607016916876516710e-01 3.915491959943298572e-01 2.719316482543945312e-01 1.000000000000000000e+00
-2.363848145582003735e-01 4.461387635631555160e-01 2.711355984210968018e-01 1.000000000000000000e+00
-2.082420361817483301e-01 5.009118174369734389e-01 2.637093663215637207e-01 1.000000000000000000e+00
-1.768480077643174164e-01 5.594303774442574984e-01 2.542498409748077393e-01 1.000000000000000000e+00
-1.473330333674719439e-01 6.156470662466947408e-01 2.348464131355285645e-01 1.000000000000000000e+00
-1.266611842846367408e-01 6.596693652226264248e-01 2.236453443765640259e-01 0.000000000000000000e+00
-1.106927549082232232e-01 6.996032513056076318e-01 2.095299363136291504e-01 0.000000000000000000e+00
-9.889867584887429564e-02 7.453088532642159203e-01 1.796223819255828857e-01 0.000000000000000000e+00
-6.371330660022161974e-02 7.978147227895115989e-01 1.466687619686126709e-01 0.000000000000000000e+00
